0 8 2 10 1 3 10 1 10 10 1 11 10 1 48 5 1 49 5 1 50 5 1 51 5 1 
1 8 2 10 1 3 10 1 10 10 1 11 10 1 48 5 1 49 5 1 50 5 1 51 5 1 
2 10 0 10 1 1 10 1 4 10 1 5 10 1 10 10 1 11 10 1 52 5 1 53 5 1 54 5 1 55 5 1 
3 10 0 10 1 1 10 1 4 10 1 5 10 1 10 10 1 11 10 1 52 5 1 53 5 1 54 5 1 55 5 1 
4 13 2 10 1 3 10 1 6 10 1 7 10 1 8 10 1 9 10 1 12 10 1 13 10 1 56 5 1 57 5 1 58 5 1 59 5 1 144 100 1
5 13 2 10 1 3 10 1 6 10 1 7 10 1 8 10 1 9 10 1 12 10 1 13 10 1 56 5 1 57 5 1 58 5 1 59 5 1 144 100 1
6 10 4 10 1 5 10 1 8 10 1 9 10 1 12 10 1 13 10 1 60 5 1 61 5 1 62 5 1 63 5 1 
7 10 4 10 1 5 10 1 8 10 1 9 10 1 12 10 1 13 10 1 60 5 1 61 5 1 62 5 1 63 5 1 
8 10 4 10 1 5 10 1 6 10 1 7 10 1 14 10 1 15 10 1 64 5 1 65 5 1 66 5 1 67 5 1 
9 10 4 10 1 5 10 1 6 10 1 7 10 1 14 10 1 15 10 1 64 5 1 65 5 1 66 5 1 67 5 1 
10 14 0 10 1 1 10 1 2 10 1 3 10 1 12 10 1 13 10 1 16 10 1 17 10 1 20 10 1 21 10 1 68 5 1 69 5 1 70 5 1 71 5 1 
11 14 0 10 1 1 10 1 2 10 1 3 10 1 12 10 1 13 10 1 16 10 1 17 10 1 20 10 1 21 10 1 68 5 1 69 5 1 70 5 1 71 5 1 
12 14 4 10 1 5 10 1 6 10 1 7 10 1 10 10 1 11 10 1 14 10 1 15 10 1 16 10 1 17 10 1 72 5 1 73 5 1 74 5 1 75 5 1 
13 14 4 10 1 5 10 1 6 10 1 7 10 1 10 10 1 11 10 1 14 10 1 15 10 1 16 10 1 17 10 1 72 5 1 73 5 1 74 5 1 75 5 1 
14 10 8 10 1 9 10 1 12 10 1 13 10 1 18 10 1 19 10 1 76 5 1 77 5 1 78 5 1 79 5 1 
15 10 8 10 1 9 10 1 12 10 1 13 10 1 18 10 1 19 10 1 76 5 1 77 5 1 78 5 1 79 5 1 
16 15 10 10 1 11 10 1 12 10 1 13 10 1 18 10 1 19 10 1 20 10 1 21 10 1 22 10 1 23 10 1 80 5 1 81 5 1 82 5 1 83 5 1 145 100 1
17 15 10 10 1 11 10 1 12 10 1 13 10 1 18 10 1 19 10 1 20 10 1 21 10 1 22 10 1 23 10 1 80 5 1 81 5 1 82 5 1 83 5 1 145 100 1
18 12 14 10 1 15 10 1 16 10 1 17 10 1 24 10 1 25 10 1 26 10 1 27 10 1 84 5 1 85 5 1 86 5 1 87 5 1 
19 12 14 10 1 15 10 1 16 10 1 17 10 1 24 10 1 25 10 1 26 10 1 27 10 1 84 5 1 85 5 1 86 5 1 87 5 1 
20 14 10 10 1 11 10 1 16 10 1 17 10 1 22 10 1 23 10 1 28 10 1 29 10 1 36 10 1 37 10 1 88 5 1 89 5 1 90 5 1 91 5 1 
21 14 10 10 1 11 10 1 16 10 1 17 10 1 22 10 1 23 10 1 28 10 1 29 10 1 36 10 1 37 10 1 88 5 1 89 5 1 90 5 1 91 5 1 
22 12 16 10 1 17 10 1 20 10 1 21 10 1 24 10 1 25 10 1 30 10 1 31 10 1 92 5 1 93 5 1 94 5 1 95 5 1 
23 12 16 10 1 17 10 1 20 10 1 21 10 1 24 10 1 25 10 1 30 10 1 31 10 1 92 5 1 93 5 1 94 5 1 95 5 1 
24 12 18 10 1 19 10 1 22 10 1 23 10 1 26 10 1 27 10 1 32 10 1 33 10 1 96 5 1 97 5 1 98 5 1 99 5 1 
25 12 18 10 1 19 10 1 22 10 1 23 10 1 26 10 1 27 10 1 32 10 1 33 10 1 96 5 1 97 5 1 98 5 1 99 5 1 
26 10 18 10 1 19 10 1 24 10 1 25 10 1 34 10 1 35 10 1 100 5 1 101 5 1 102 5 1 103 5 1 
27 10 18 10 1 19 10 1 24 10 1 25 10 1 34 10 1 35 10 1 100 5 1 101 5 1 102 5 1 103 5 1 
28 11 20 10 1 21 10 1 30 10 1 31 10 1 38 10 1 39 10 1 104 5 1 105 5 1 106 5 1 107 5 1 147 100 1
29 11 20 10 1 21 10 1 30 10 1 31 10 1 38 10 1 39 10 1 104 5 1 105 5 1 106 5 1 107 5 1 147 100 1
30 14 22 10 1 23 10 1 28 10 1 29 10 1 32 10 1 33 10 1 40 10 1 41 10 1 42 10 1 43 10 1 108 5 1 109 5 1 110 5 1 111 5 1 
31 14 22 10 1 23 10 1 28 10 1 29 10 1 32 10 1 33 10 1 40 10 1 41 10 1 42 10 1 43 10 1 108 5 1 109 5 1 110 5 1 111 5 1
32 15 24 10 1 25 10 1 30 10 1 31 10 1 34 10 1 35 10 1 42 10 1 43 10 1 44 10 1 45 10 1 112 5 1 113 5 1 114 5 1 115 5 1 146 100 1
33 15 24 10 1 25 10 1 30 10 1 31 10 1 34 10 1 35 10 1 42 10 1 43 10 1 44 10 1 45 10 1 112 5 1 113 5 1 114 5 1 115 5 1 146 100 1
34 10 26 10 1 27 10 1 32 10 1 33 10 1 46 10 1 47 10 1 116 5 1 117 5 1 118 5 1 119 5 1 
35 10 26 10 1 27 10 1 32 10 1 33 10 1 46 10 1 47 10 1 116 5 1 117 5 1 118 5 1 119 5 1 
36 8 20 10 1 21 10 1 38 10 1 39 10 1 120 5 1 121 5 1 122 5 1 123 5 1 
37 8 20 10 1 21 10 1 38 10 1 39 10 1 120 5 1 121 5 1 122 5 1 123 5 1 
38 10 28 10 1 29 10 1 36 10 1 37 10 1 40 10 1 41 10 1 124 5 1 125 5 1 126 5 1 127 5 1 
39 10 28 10 1 29 10 1 36 10 1 37 10 1 40 10 1 41 10 1 124 5 1 125 5 1 126 5 1 127 5 1 
40 10 30 10 1 31 10 1 38 10 1 39 10 1 42 10 1 43 10 1 128 5 1 129 5 1 130 5 1 131 5 1 
41 10 30 10 1 31 10 1 38 10 1 39 10 1 42 10 1 43 10 1 128 5 1 129 5 1 130 5 1 131 5 1 
42 12 30 10 1 31 10 1 32 10 1 33 10 1 40 10 1 41 10 1 44 10 1 45 10 1 132 5 1 133 5 1 134 5 1 135 5 1 
43 12 30 10 1 31 10 1 32 10 1 33 10 1 40 10 1 41 10 1 44 10 1 45 10 1 132 5 1 133 5 1 134 5 1 135 5 1 
44 10 32 10 1 33 10 1 42 10 1 43 10 1 46 10 1 47 10 1 136 5 1 137 5 1 138 5 1 139 5 1 
45 10 32 10 1 33 10 1 42 10 1 43 10 1 46 10 1 47 10 1 136 5 1 137 5 1 138 5 1 139 5 1 
46 8 34 10 1 35 10 1 44 10 1 45 10 1 140 5 1 141 5 1 142 5 1 143 5 1 
47 8 34 10 1 35 10 1 44 10 1 45 10 1 140 5 1 141 5 1 142 5 1 143 5 1 
48 2 0 5 1 1 5 1 
49 2 0 5 1 1 5 1 
50 2 0 5 1 1 5 1 
51 2 0 5 1 1 5 1 
52 2 2 5 1 3 5 1 
53 2 2 5 1 3 5 1 
54 2 2 5 1 3 5 1 
55 2 2 5 1 3 5 1 
56 2 4 5 1 5 5 1 
57 2 4 5 1 5 5 1 
58 2 4 5 1 5 5 1 
59 2 4 5 1 5 5 1 
60 2 6 5 1 7 5 1 
61 2 6 5 1 7 5 1 
62 2 6 5 1 7 5 1 
63 2 6 5 1 7 5 1 
64 2 8 5 1 9 5 1 
65 2 8 5 1 9 5 1 
66 2 8 5 1 9 5 1 
67 2 8 5 1 9 5 1 
68 2 10 5 1 11 5 1 
69 2 10 5 1 11 5 1 
70 2 10 5 1 11 5 1 
71 2 10 5 1 11 5 1 
72 2 12 5 1 13 5 1 
73 2 12 5 1 13 5 1 
74 2 12 5 1 13 5 1 
75 2 12 5 1 13 5 1 
76 2 14 5 1 15 5 1 
77 2 14 5 1 15 5 1 
78 2 14 5 1 15 5 1 
79 2 14 5 1 15 5 1 
80 2 16 5 1 17 5 1 
81 2 16 5 1 17 5 1 
82 2 16 5 1 17 5 1 
83 2 16 5 1 17 5 1 
84 2 18 5 1 19 5 1 
85 2 18 5 1 19 5 1 
86 2 18 5 1 19 5 1 
87 2 18 5 1 19 5 1 
88 2 20 5 1 21 5 1 
89 2 20 5 1 21 5 1 
90 2 20 5 1 21 5 1 
91 2 20 5 1 21 5 1 
92 2 22 5 1 23 5 1 
93 2 22 5 1 23 5 1 
94 2 22 5 1 23 5 1 
95 2 22 5 1 23 5 1 
96 2 24 5 1 25 5 1 
97 2 24 5 1 25 5 1 
98 2 24 5 1 25 5 1 
99 2 24 5 1 25 5 1 
100 2 26 5 1 27 5 1 
101 2 26 5 1 27 5 1 
102 2 26 5 1 27 5 1 
103 2 26 5 1 27 5 1 
104 2 28 5 1 29 5 1 
105 2 28 5 1 29 5 1 
106 2 28 5 1 29 5 1 
107 2 28 5 1 29 5 1 
108 2 30 5 1 31 5 1 
109 2 30 5 1 31 5 1 
110 2 30 5 1 31 5 1 
111 2 30 5 1 31 5 1 
112 2 32 5 1 33 5 1 
113 2 32 5 1 33 5 1 
114 2 32 5 1 33 5 1 
115 2 32 5 1 33 5 1 
116 2 34 5 1 35 5 1 
117 2 34 5 1 35 5 1 
118 2 34 5 1 35 5 1 
119 2 34 5 1 35 5 1 
120 2 36 5 1 37 5 1 
121 2 36 5 1 37 5 1 
122 2 36 5 1 37 5 1 
123 2 36 5 1 37 5 1 
124 2 38 5 1 39 5 1 
125 2 38 5 1 39 5 1 
126 2 38 5 1 39 5 1 
127 2 38 5 1 39 5 1 
128 2 40 5 1 41 5 1 
129 2 40 5 1 41 5 1 
130 2 40 5 1 41 5 1 
131 2 40 5 1 41 5 1 
132 2 42 5 1 43 5 1 
133 2 42 5 1 43 5 1 
134 2 42 5 1 43 5 1 
135 2 42 5 1 43 5 1 
136 2 44 5 1 45 5 1 
137 2 44 5 1 45 5 1 
138 2 44 5 1 45 5 1 
139 2 44 5 1 45 5 1 
140 2 46 5 1 47 5 1 
141 2 46 5 1 47 5 1 
142 2 46 5 1 47 5 1 
143 2 46 5 1 47 5 1 
144 2 4 100 1 5 100 1
145 2 16 100 1 17 100 1
146 2 32 100 1 33 100 1
147 2 28 100 1 29 100 1