0 56 0.0001
0 56 0.0001
0 56 0.0001
0 56 0.0001
0 57 0.0001
0 57 0.0001
0 57 0.08
0 57 0.08
0 80 0.0001
0 80 0.0001
0 80 0.0001
0 80 0.0001
0 81 0.0001
0 81 0.0001
0 81 0.0001
0 81 0.0001
0 112 0.0001
0 112 0.08
0 112 0.0001
0 112 0.08
0 113 0.0001
0 113 0.0001
0 113 0.0001
0 113 0.0001
0 104 0.08
0 104 0.0001
0 104 0.0001
0 104 0.0001
0 105 0.0001
0 105 0.08
0 105 0.08
0 105 0.0001
0 48 0.0001
0 48 0.0001
0 48 0.0001
0 48 0.0001
0 49 0.0001
0 49 0.0001
0 49 0.0001
0 49 0.0001
0 52 0.0001
0 52 0.0001
0 52 0.0001
0 52 0.0001
0 53 0.0001
0 53 0.0001
0 53 0.0001
0 53 0.0001
0 56 0.0001
0 56 0.0001
0 56 0.0001
0 56 0.0001
0 57 0.0001
0 57 0.0001
0 57 0.0001
0 57 0.0001
0 60 0.0001
0 60 0.0001
0 60 0.0001
0 60 0.0001
0 61 0.0001
0 61 0.0001
0 61 0.0001
0 61 0.0001
0 64 0.0001
0 64 0.0001
0 64 0.0001
0 64 0.0001
0 65 0.0001
0 65 0.0001
0 65 0.0001
0 65 0.0001
0 68 0.0001
0 68 0.0001
0 68 0.0001
0 68 0.0001
0 69 0.0001
0 69 0.0001
0 69 0.0001
0 69 0.0001
0 72 0.0001
0 72 0.0001
0 72 0.0001
0 72 0.0001
0 73 0.0001
0 73 0.0001
0 73 0.0001
0 73 0.0001
0 76 0.0001
0 76 0.0001
0 76 0.0001
0 76 0.0001
0 77 0.0001
0 77 0.0001
0 77 0.0001
0 77 0.0001
0 80 0.0001
0 80 0.0001
0 80 0.0001
0 80 0.0001
0 81 0.0001
0 81 0.0001
0 81 0.0001
0 81 0.0001
0 84 0.0001
0 84 0.0001
0 84 0.0001
0 84 0.0001
0 85 0.0001
0 85 0.0001
0 85 0.0001
0 85 0.0001
0 88 0.0001
0 88 0.0001
0 88 0.0001
0 88 0.0001
0 89 0.0001
0 89 0.0001
0 89 0.0001
0 89 0.0001
0 92 0.0001
0 92 0.0001
0 92 0.0001
0 92 0.0001
0 93 0.0001
0 93 0.0001
0 93 0.0001
0 93 0.0001
0 96 0.0001
0 96 0.0001
0 96 0.0001
0 96 0.0001
0 97 0.0001
0 97 0.0001
0 97 0.0001
0 97 0.0001
0 100 0.0001
0 100 0.0001
0 100 0.0001
0 100 0.0001
0 101 0.0001
0 101 0.0001
0 101 0.0001
0 101 0.0001
0 108 0.0001
0 108 0.0001
0 108 0.0001
0 108 0.0001
0 109 0.0001
0 109 0.0001
0 109 0.0001
0 109 0.0001
0 112 0.0001
0 112 0.0001
0 112 0.0001
0 112 0.0001
0 113 0.0001
0 113 0.0001
0 113 0.0001
0 113 0.0001
0 116 0.0001
0 116 0.0001
0 116 0.0001
0 116 0.0001
0 117 0.0001
0 117 0.0001
0 117 0.0001
0 117 0.0001
0 132 0.0001
0 132 0.0001
0 132 0.0001
0 132 0.0001
0 133 0.0001
0 133 0.0001
0 133 0.0001
0 133 0.0001
0 136 0.0001
0 136 0.0001
0 136 0.0001
0 136 0.0001
0 137 0.0001
0 137 0.0001
0 137 0.0001
0 137 0.0001
0 140 0.0001
0 140 0.0001
0 140 0.0001
0 140 0.0001
0 141 0.0001
0 141 0.0001
0 141 0.0001
0 141 0.0001
1 56 0.0001
1 56 0.0001
1 56 0.0001
1 56 0.0001
1 57 0.0001
1 57 0.08
1 57 0.0001
1 57 0.0001
1 80 0.0001
1 80 0.0001
1 80 0.08
1 80 0.08
1 81 0.0001
1 81 0.08
1 81 0.08
1 81 0.08
1 112 0.08
1 112 0.0001
1 112 0.0001
1 112 0.0001
1 113 0.0001
1 113 0.0001
1 113 0.0001
1 113 0.0001
1 104 0.08
1 104 0.0001
1 104 0.0001
1 104 0.0001
1 105 0.0001
1 105 0.08
1 105 0.0001
1 105 0.08
1 48 0.0001
1 48 0.0001
1 48 0.0001
1 48 0.0001
1 49 0.0001
1 49 0.0001
1 49 0.0001
1 49 0.0001
1 52 0.0001
1 52 0.0001
1 52 0.0001
1 52 0.0001
1 53 0.0001
1 53 0.0001
1 53 0.0001
1 53 0.0001
1 56 0.0001
1 56 0.0001
1 56 0.0001
1 56 0.0001
1 57 0.0001
1 57 0.0001
1 57 0.0001
1 57 0.0001
1 60 0.0001
1 60 0.0001
1 60 0.0001
1 60 0.0001
1 61 0.0001
1 61 0.0001
1 61 0.0001
1 61 0.0001
1 64 0.0001
1 64 0.0001
1 64 0.0001
1 64 0.0001
1 65 0.0001
1 65 0.0001
1 65 0.0001
1 65 0.0001
1 68 0.0001
1 68 0.0001
1 68 0.0001
1 68 0.0001
1 69 0.0001
1 69 0.0001
1 69 0.0001
1 69 0.0001
1 72 0.0001
1 72 0.0001
1 72 0.0001
1 72 0.0001
1 73 0.0001
1 73 0.0001
1 73 0.0001
1 73 0.0001
1 76 0.0001
1 76 0.0001
1 76 0.0001
1 76 0.0001
1 77 0.0001
1 77 0.0001
1 77 0.0001
1 77 0.0001
1 80 0.0001
1 80 0.0001
1 80 0.0001
1 80 0.0001
1 81 0.0001
1 81 0.0001
1 81 0.0001
1 81 0.0001
1 84 0.0001
1 84 0.0001
1 84 0.0001
1 84 0.0001
1 85 0.0001
1 85 0.0001
1 85 0.0001
1 85 0.0001
1 88 0.0001
1 88 0.0001
1 88 0.0001
1 88 0.0001
1 89 0.0001
1 89 0.0001
1 89 0.0001
1 89 0.0001
1 92 0.0001
1 92 0.0001
1 92 0.0001
1 92 0.0001
1 93 0.0001
1 93 0.0001
1 93 0.0001
1 93 0.0001
1 96 0.0001
1 96 0.0001
1 96 0.0001
1 96 0.0001
1 97 0.0001
1 97 0.0001
1 97 0.0001
1 97 0.0001
1 100 0.0001
1 100 0.0001
1 100 0.0001
1 100 0.0001
1 101 0.0001
1 101 0.0001
1 101 0.0001
1 101 0.0001
1 108 0.0001
1 108 0.0001
1 108 0.0001
1 108 0.0001
1 109 0.0001
1 109 0.0001
1 109 0.0001
1 109 0.0001
1 112 0.0001
1 112 0.0001
1 112 0.0001
1 112 0.0001
1 113 0.0001
1 113 0.0001
1 113 0.0001
1 113 0.0001
1 116 0.0001
1 116 0.0001
1 116 0.0001
1 116 0.0001
1 117 0.0001
1 117 0.0001
1 117 0.0001
1 117 0.0001
1 132 0.0001
1 132 0.0001
1 132 0.0001
1 132 0.0001
1 133 0.0001
1 133 0.0001
1 133 0.0001
1 133 0.0001
1 136 0.0001
1 136 0.0001
1 136 0.0001
1 136 0.0001
1 137 0.0001
1 137 0.0001
1 137 0.0001
1 137 0.0001
1 140 0.0001
1 140 0.0001
1 140 0.0001
1 140 0.0001
1 141 0.0001
1 141 0.0001
1 141 0.0001
1 141 0.0001
2 56 0.08
2 56 0.0001
2 56 0.0001
2 56 0.0001
2 57 0.0001
2 57 0.0001
2 57 0.0001
2 57 0.0001
2 80 0.0001
2 80 0.0001
2 80 0.0001
2 80 0.0001
2 81 0.0001
2 81 0.0001
2 81 0.0001
2 81 0.0001
2 112 0.0001
2 112 0.08
2 112 0.0001
2 112 0.0001
2 113 0.08
2 113 0.0001
2 113 0.0001
2 113 0.0001
2 104 0.0001
2 104 0.0001
2 104 0.0001
2 104 0.0001
2 105 0.0001
2 105 0.0001
2 105 0.0001
2 105 0.0001
2 48 0.0001
2 48 0.0001
2 48 0.0001
2 48 0.0001
2 49 0.0001
2 49 0.0001
2 49 0.0001
2 49 0.0001
2 52 0.0001
2 52 0.0001
2 52 0.0001
2 52 0.0001
2 53 0.0001
2 53 0.0001
2 53 0.0001
2 53 0.0001
2 56 0.0001
2 56 0.0001
2 56 0.0001
2 56 0.0001
2 57 0.0001
2 57 0.0001
2 57 0.0001
2 57 0.0001
2 60 0.0001
2 60 0.0001
2 60 0.0001
2 60 0.0001
2 61 0.0001
2 61 0.0001
2 61 0.0001
2 61 0.0001
2 64 0.0001
2 64 0.0001
2 64 0.0001
2 64 0.0001
2 65 0.0001
2 65 0.0001
2 65 0.0001
2 65 0.0001
2 68 0.0001
2 68 0.0001
2 68 0.0001
2 68 0.0001
2 69 0.0001
2 69 0.0001
2 69 0.0001
2 69 0.0001
2 72 0.0001
2 72 0.0001
2 72 0.0001
2 72 0.0001
2 73 0.0001
2 73 0.0001
2 73 0.0001
2 73 0.0001
2 76 0.0001
2 76 0.0001
2 76 0.0001
2 76 0.0001
2 77 0.0001
2 77 0.0001
2 77 0.0001
2 77 0.0001
2 80 0.0001
2 80 0.0001
2 80 0.0001
2 80 0.0001
2 81 0.0001
2 81 0.0001
2 81 0.0001
2 81 0.0001
2 84 0.0001
2 84 0.0001
2 84 0.0001
2 84 0.0001
2 85 0.0001
2 85 0.0001
2 85 0.0001
2 85 0.0001
2 88 0.0001
2 88 0.0001
2 88 0.0001
2 88 0.0001
2 89 0.0001
2 89 0.0001
2 89 0.0001
2 89 0.0001
2 92 0.0001
2 92 0.0001
2 92 0.0001
2 92 0.0001
2 93 0.0001
2 93 0.0001
2 93 0.0001
2 93 0.0001
2 96 0.0001
2 96 0.0001
2 96 0.0001
2 96 0.0001
2 97 0.0001
2 97 0.0001
2 97 0.0001
2 97 0.0001
2 100 0.0001
2 100 0.0001
2 100 0.0001
2 100 0.0001
2 101 0.0001
2 101 0.0001
2 101 0.0001
2 101 0.0001
2 108 0.0001
2 108 0.0001
2 108 0.0001
2 108 0.0001
2 109 0.0001
2 109 0.0001
2 109 0.0001
2 109 0.0001
2 112 0.0001
2 112 0.0001
2 112 0.0001
2 112 0.0001
2 113 0.0001
2 113 0.0001
2 113 0.0001
2 113 0.0001
2 116 0.0001
2 116 0.0001
2 116 0.0001
2 116 0.0001
2 117 0.0001
2 117 0.0001
2 117 0.0001
2 117 0.0001
2 132 0.0001
2 132 0.0001
2 132 0.0001
2 132 0.0001
2 133 0.0001
2 133 0.0001
2 133 0.0001
2 133 0.0001
2 136 0.0001
2 136 0.0001
2 136 0.0001
2 136 0.0001
2 137 0.0001
2 137 0.0001
2 137 0.0001
2 137 0.0001
2 140 0.0001
2 140 0.0001
2 140 0.0001
2 140 0.0001
2 141 0.0001
2 141 0.0001
2 141 0.0001
2 141 0.0001
3 56 0.0001
3 56 0.0001
3 56 0.0001
3 56 0.0001
3 57 0.08
3 57 0.0001
3 57 0.0001
3 57 0.08
3 80 0.0001
3 80 0.0001
3 80 0.0001
3 80 0.0001
3 81 0.0001
3 81 0.0001
3 81 0.0001
3 81 0.0001
3 112 0.0001
3 112 0.0001
3 112 0.0001
3 112 0.0001
3 113 0.0001
3 113 0.0001
3 113 0.0001
3 113 0.08
3 104 0.08
3 104 0.08
3 104 0.08
3 104 0.0001
3 105 0.0001
3 105 0.0001
3 105 0.0001
3 105 0.0001
3 48 0.0001
3 48 0.0001
3 48 0.0001
3 48 0.0001
3 49 0.0001
3 49 0.0001
3 49 0.0001
3 49 0.0001
3 52 0.0001
3 52 0.0001
3 52 0.0001
3 52 0.0001
3 53 0.0001
3 53 0.0001
3 53 0.0001
3 53 0.0001
3 56 0.0001
3 56 0.0001
3 56 0.0001
3 56 0.0001
3 57 0.0001
3 57 0.0001
3 57 0.0001
3 57 0.0001
3 60 0.0001
3 60 0.0001
3 60 0.0001
3 60 0.0001
3 61 0.0001
3 61 0.0001
3 61 0.0001
3 61 0.0001
3 64 0.0001
3 64 0.0001
3 64 0.0001
3 64 0.0001
3 65 0.0001
3 65 0.0001
3 65 0.0001
3 65 0.0001
3 68 0.0001
3 68 0.0001
3 68 0.0001
3 68 0.0001
3 69 0.0001
3 69 0.0001
3 69 0.0001
3 69 0.0001
3 72 0.0001
3 72 0.0001
3 72 0.0001
3 72 0.0001
3 73 0.0001
3 73 0.0001
3 73 0.0001
3 73 0.0001
3 76 0.0001
3 76 0.0001
3 76 0.0001
3 76 0.0001
3 77 0.0001
3 77 0.0001
3 77 0.0001
3 77 0.0001
3 80 0.0001
3 80 0.0001
3 80 0.0001
3 80 0.0001
3 81 0.0001
3 81 0.0001
3 81 0.0001
3 81 0.0001
3 84 0.0001
3 84 0.0001
3 84 0.0001
3 84 0.0001
3 85 0.0001
3 85 0.0001
3 85 0.0001
3 85 0.0001
3 88 0.0001
3 88 0.0001
3 88 0.0001
3 88 0.0001
3 89 0.0001
3 89 0.0001
3 89 0.0001
3 89 0.0001
3 92 0.0001
3 92 0.0001
3 92 0.0001
3 92 0.0001
3 93 0.0001
3 93 0.0001
3 93 0.0001
3 93 0.0001
3 96 0.0001
3 96 0.0001
3 96 0.0001
3 96 0.0001
3 97 0.0001
3 97 0.0001
3 97 0.0001
3 97 0.0001
3 100 0.0001
3 100 0.0001
3 100 0.0001
3 100 0.0001
3 101 0.0001
3 101 0.0001
3 101 0.0001
3 101 0.0001
3 108 0.0001
3 108 0.0001
3 108 0.0001
3 108 0.0001
3 109 0.0001
3 109 0.0001
3 109 0.0001
3 109 0.0001
3 112 0.0001
3 112 0.0001
3 112 0.0001
3 112 0.0001
3 113 0.0001
3 113 0.0001
3 113 0.0001
3 113 0.0001
3 116 0.0001
3 116 0.0001
3 116 0.0001
3 116 0.0001
3 117 0.0001
3 117 0.0001
3 117 0.0001
3 117 0.0001
3 132 0.0001
3 132 0.0001
3 132 0.0001
3 132 0.0001
3 133 0.0001
3 133 0.0001
3 133 0.0001
3 133 0.0001
3 136 0.0001
3 136 0.0001
3 136 0.0001
3 136 0.0001
3 137 0.0001
3 137 0.0001
3 137 0.0001
3 137 0.0001
3 140 0.0001
3 140 0.0001
3 140 0.0001
3 140 0.0001
3 141 0.0001
3 141 0.0001
3 141 0.0001
3 141 0.0001
4 56 0.08
4 56 0.0001
4 56 0.0001
4 56 0.0001
4 57 0.08
4 57 0.0001
4 57 0.08
4 57 0.08
4 80 0.0001
4 80 0.0001
4 80 0.08
4 80 0.0001
4 81 0.0001
4 81 0.0001
4 81 0.0001
4 81 0.0001
4 112 0.08
4 112 0.08
4 112 0.0001
4 112 0.0001
4 113 0.0001
4 113 0.0001
4 113 0.0001
4 113 0.0001
4 104 0.0001
4 104 0.0001
4 104 0.0001
4 104 0.0001
4 105 0.0001
4 105 0.0001
4 105 0.0001
4 105 0.08
4 48 0.0001
4 48 0.0001
4 48 0.0001
4 48 0.0001
4 49 0.0001
4 49 0.0001
4 49 0.0001
4 49 0.0001
4 52 0.0001
4 52 0.0001
4 52 0.0001
4 52 0.0001
4 53 0.0001
4 53 0.0001
4 53 0.0001
4 53 0.0001
4 56 0.0001
4 56 0.0001
4 56 0.0001
4 56 0.0001
4 57 0.0001
4 57 0.0001
4 57 0.0001
4 57 0.0001
4 60 0.0001
4 60 0.0001
4 60 0.0001
4 60 0.0001
4 61 0.0001
4 61 0.0001
4 61 0.0001
4 61 0.0001
4 64 0.0001
4 64 0.0001
4 64 0.0001
4 64 0.0001
4 65 0.0001
4 65 0.0001
4 65 0.0001
4 65 0.0001
4 68 0.0001
4 68 0.0001
4 68 0.0001
4 68 0.0001
4 69 0.0001
4 69 0.0001
4 69 0.0001
4 69 0.0001
4 72 0.0001
4 72 0.0001
4 72 0.0001
4 72 0.0001
4 73 0.0001
4 73 0.0001
4 73 0.0001
4 73 0.0001
4 76 0.0001
4 76 0.0001
4 76 0.0001
4 76 0.0001
4 77 0.0001
4 77 0.0001
4 77 0.0001
4 77 0.0001
4 80 0.0001
4 80 0.0001
4 80 0.0001
4 80 0.0001
4 81 0.0001
4 81 0.0001
4 81 0.0001
4 81 0.0001
4 84 0.0001
4 84 0.0001
4 84 0.0001
4 84 0.0001
4 85 0.0001
4 85 0.0001
4 85 0.0001
4 85 0.0001
4 88 0.0001
4 88 0.0001
4 88 0.0001
4 88 0.0001
4 89 0.0001
4 89 0.0001
4 89 0.0001
4 89 0.0001
4 92 0.0001
4 92 0.0001
4 92 0.0001
4 92 0.0001
4 93 0.0001
4 93 0.0001
4 93 0.0001
4 93 0.0001
4 96 0.0001
4 96 0.0001
4 96 0.0001
4 96 0.0001
4 97 0.0001
4 97 0.0001
4 97 0.0001
4 97 0.0001
4 100 0.0001
4 100 0.0001
4 100 0.0001
4 100 0.0001
4 101 0.0001
4 101 0.0001
4 101 0.0001
4 101 0.0001
4 108 0.0001
4 108 0.0001
4 108 0.0001
4 108 0.0001
4 109 0.0001
4 109 0.0001
4 109 0.0001
4 109 0.0001
4 112 0.0001
4 112 0.0001
4 112 0.0001
4 112 0.0001
4 113 0.0001
4 113 0.0001
4 113 0.0001
4 113 0.0001
4 116 0.0001
4 116 0.0001
4 116 0.0001
4 116 0.0001
4 117 0.0001
4 117 0.0001
4 117 0.0001
4 117 0.0001
4 132 0.0001
4 132 0.0001
4 132 0.0001
4 132 0.0001
4 133 0.0001
4 133 0.0001
4 133 0.0001
4 133 0.0001
4 136 0.0001
4 136 0.0001
4 136 0.0001
4 136 0.0001
4 137 0.0001
4 137 0.0001
4 137 0.0001
4 137 0.0001
4 140 0.0001
4 140 0.0001
4 140 0.0001
4 140 0.0001
4 141 0.0001
4 141 0.0001
4 141 0.0001
4 141 0.0001
5 56 0.08
5 56 0.0001
5 56 0.08
5 56 0.0001
5 57 0.08
5 57 0.0001
5 57 0.0001
5 57 0.0001
5 80 0.0001
5 80 0.08
5 80 0.08
5 80 0.0001
5 81 0.0001
5 81 0.0001
5 81 0.08
5 81 0.0001
5 112 0.0001
5 112 0.08
5 112 0.0001
5 112 0.0001
5 113 0.0001
5 113 0.0001
5 113 0.0001
5 113 0.08
5 104 0.0001
5 104 0.0001
5 104 0.0001
5 104 0.08
5 105 0.0001
5 105 0.08
5 105 0.0001
5 105 0.0001
5 48 0.0001
5 48 0.0001
5 48 0.0001
5 48 0.0001
5 49 0.0001
5 49 0.0001
5 49 0.0001
5 49 0.0001
5 52 0.0001
5 52 0.0001
5 52 0.0001
5 52 0.0001
5 53 0.0001
5 53 0.0001
5 53 0.0001
5 53 0.0001
5 56 0.0001
5 56 0.0001
5 56 0.0001
5 56 0.0001
5 57 0.0001
5 57 0.0001
5 57 0.0001
5 57 0.0001
5 60 0.0001
5 60 0.0001
5 60 0.0001
5 60 0.0001
5 61 0.0001
5 61 0.0001
5 61 0.0001
5 61 0.0001
5 64 0.0001
5 64 0.0001
5 64 0.0001
5 64 0.0001
5 65 0.0001
5 65 0.0001
5 65 0.0001
5 65 0.0001
5 68 0.0001
5 68 0.0001
5 68 0.0001
5 68 0.0001
5 69 0.0001
5 69 0.0001
5 69 0.0001
5 69 0.0001
5 72 0.0001
5 72 0.0001
5 72 0.0001
5 72 0.0001
5 73 0.0001
5 73 0.0001
5 73 0.0001
5 73 0.0001
5 76 0.0001
5 76 0.0001
5 76 0.0001
5 76 0.0001
5 77 0.0001
5 77 0.0001
5 77 0.0001
5 77 0.0001
5 80 0.0001
5 80 0.0001
5 80 0.0001
5 80 0.0001
5 81 0.0001
5 81 0.0001
5 81 0.0001
5 81 0.0001
5 84 0.0001
5 84 0.0001
5 84 0.0001
5 84 0.0001
5 85 0.0001
5 85 0.0001
5 85 0.0001
5 85 0.0001
5 88 0.0001
5 88 0.0001
5 88 0.0001
5 88 0.0001
5 89 0.0001
5 89 0.0001
5 89 0.0001
5 89 0.0001
5 92 0.0001
5 92 0.0001
5 92 0.0001
5 92 0.0001
5 93 0.0001
5 93 0.0001
5 93 0.0001
5 93 0.0001
5 96 0.0001
5 96 0.0001
5 96 0.0001
5 96 0.0001
5 97 0.0001
5 97 0.0001
5 97 0.0001
5 97 0.0001
5 100 0.0001
5 100 0.0001
5 100 0.0001
5 100 0.0001
5 101 0.0001
5 101 0.0001
5 101 0.0001
5 101 0.0001
5 108 0.0001
5 108 0.0001
5 108 0.0001
5 108 0.0001
5 109 0.0001
5 109 0.0001
5 109 0.0001
5 109 0.0001
5 112 0.0001
5 112 0.0001
5 112 0.0001
5 112 0.0001
5 113 0.0001
5 113 0.0001
5 113 0.0001
5 113 0.0001
5 116 0.0001
5 116 0.0001
5 116 0.0001
5 116 0.0001
5 117 0.0001
5 117 0.0001
5 117 0.0001
5 117 0.0001
5 132 0.0001
5 132 0.0001
5 132 0.0001
5 132 0.0001
5 133 0.0001
5 133 0.0001
5 133 0.0001
5 133 0.0001
5 136 0.0001
5 136 0.0001
5 136 0.0001
5 136 0.0001
5 137 0.0001
5 137 0.0001
5 137 0.0001
5 137 0.0001
5 140 0.0001
5 140 0.0001
5 140 0.0001
5 140 0.0001
5 141 0.0001
5 141 0.0001
5 141 0.0001
5 141 0.0001
6 56 0.0001
6 56 0.0001
6 56 0.0001
6 56 0.0001
6 57 0.0001
6 57 0.0001
6 57 0.0001
6 57 0.0001
6 80 0.0001
6 80 0.0001
6 80 0.0001
6 80 0.0001
6 81 0.0001
6 81 0.0001
6 81 0.0001
6 81 0.0001
6 112 0.0001
6 112 0.0001
6 112 0.0001
6 112 0.0001
6 113 0.0001
6 113 0.0001
6 113 0.0001
6 113 0.0001
6 104 0.0001
6 104 0.0001
6 104 0.0001
6 104 0.0001
6 105 0.0001
6 105 0.0001
6 105 0.0001
6 105 0.0001
6 48 0.0001
6 48 0.08
6 48 0.0001
6 48 0.0001
6 49 0.0001
6 49 0.08
6 49 0.0001
6 49 0.0001
6 52 0.0001
6 52 0.0001
6 52 0.0001
6 52 0.0001
6 53 0.0001
6 53 0.0001
6 53 0.0001
6 53 0.0001
6 56 0.08
6 56 0.08
6 56 0.0001
6 56 0.08
6 57 0.0001
6 57 0.0001
6 57 0.0001
6 57 0.0001
6 60 0.0001
6 60 0.08
6 60 0.0001
6 60 0.0001
6 61 0.0001
6 61 0.0001
6 61 0.0001
6 61 0.0001
6 64 0.0001
6 64 0.0001
6 64 0.0001
6 64 0.08
6 65 0.0001
6 65 0.0001
6 65 0.0001
6 65 0.0001
6 68 0.0001
6 68 0.0001
6 68 0.0001
6 68 0.0001
6 69 0.0001
6 69 0.0001
6 69 0.0001
6 69 0.0001
6 72 0.0001
6 72 0.0001
6 72 0.0001
6 72 0.0001
6 73 0.0001
6 73 0.0001
6 73 0.0001
6 73 0.0001
6 76 0.0001
6 76 0.0001
6 76 0.0001
6 76 0.0001
6 77 0.0001
6 77 0.0001
6 77 0.0001
6 77 0.0001
6 80 0.0001
6 80 0.0001
6 80 0.0001
6 80 0.0001
6 81 0.0001
6 81 0.0001
6 81 0.0001
6 81 0.0001
6 84 0.0001
6 84 0.0001
6 84 0.0001
6 84 0.0001
6 85 0.0001
6 85 0.0001
6 85 0.0001
6 85 0.0001
6 88 0.0001
6 88 0.0001
6 88 0.0001
6 88 0.0001
6 89 0.0001
6 89 0.0001
6 89 0.0001
6 89 0.0001
6 92 0.0001
6 92 0.0001
6 92 0.0001
6 92 0.0001
6 93 0.0001
6 93 0.0001
6 93 0.0001
6 93 0.0001
6 96 0.0001
6 96 0.0001
6 96 0.0001
6 96 0.0001
6 97 0.0001
6 97 0.0001
6 97 0.0001
6 97 0.0001
6 100 0.0001
6 100 0.0001
6 100 0.0001
6 100 0.0001
6 101 0.0001
6 101 0.0001
6 101 0.0001
6 101 0.0001
6 108 0.0001
6 108 0.0001
6 108 0.0001
6 108 0.0001
6 109 0.0001
6 109 0.0001
6 109 0.0001
6 109 0.0001
6 112 0.0001
6 112 0.0001
6 112 0.0001
6 112 0.0001
6 113 0.0001
6 113 0.0001
6 113 0.0001
6 113 0.0001
6 116 0.0001
6 116 0.0001
6 116 0.0001
6 116 0.0001
6 117 0.0001
6 117 0.0001
6 117 0.0001
6 117 0.0001
6 132 0.0001
6 132 0.0001
6 132 0.0001
6 132 0.0001
6 133 0.0001
6 133 0.0001
6 133 0.0001
6 133 0.0001
6 136 0.0001
6 136 0.0001
6 136 0.0001
6 136 0.0001
6 137 0.0001
6 137 0.0001
6 137 0.0001
6 137 0.0001
6 140 0.0001
6 140 0.0001
6 140 0.0001
6 140 0.0001
6 141 0.0001
6 141 0.0001
6 141 0.0001
6 141 0.0001
7 56 0.0001
7 56 0.0001
7 56 0.0001
7 56 0.0001
7 57 0.0001
7 57 0.0001
7 57 0.0001
7 57 0.0001
7 80 0.0001
7 80 0.0001
7 80 0.0001
7 80 0.0001
7 81 0.0001
7 81 0.0001
7 81 0.0001
7 81 0.0001
7 112 0.0001
7 112 0.0001
7 112 0.0001
7 112 0.0001
7 113 0.0001
7 113 0.0001
7 113 0.0001
7 113 0.0001
7 104 0.0001
7 104 0.0001
7 104 0.0001
7 104 0.0001
7 105 0.0001
7 105 0.0001
7 105 0.0001
7 105 0.0001
7 48 0.08
7 48 0.08
7 48 0.0001
7 48 0.0001
7 49 0.0001
7 49 0.0001
7 49 0.0001
7 49 0.0001
7 52 0.0001
7 52 0.0001
7 52 0.0001
7 52 0.08
7 53 0.0001
7 53 0.0001
7 53 0.0001
7 53 0.0001
7 56 0.08
7 56 0.08
7 56 0.0001
7 56 0.0001
7 57 0.0001
7 57 0.0001
7 57 0.0001
7 57 0.08
7 60 0.08
7 60 0.0001
7 60 0.0001
7 60 0.08
7 61 0.0001
7 61 0.0001
7 61 0.08
7 61 0.0001
7 64 0.0001
7 64 0.0001
7 64 0.0001
7 64 0.0001
7 65 0.08
7 65 0.0001
7 65 0.0001
7 65 0.0001
7 68 0.0001
7 68 0.0001
7 68 0.0001
7 68 0.0001
7 69 0.0001
7 69 0.0001
7 69 0.0001
7 69 0.0001
7 72 0.0001
7 72 0.0001
7 72 0.0001
7 72 0.0001
7 73 0.0001
7 73 0.0001
7 73 0.0001
7 73 0.0001
7 76 0.0001
7 76 0.0001
7 76 0.0001
7 76 0.0001
7 77 0.0001
7 77 0.0001
7 77 0.0001
7 77 0.0001
7 80 0.0001
7 80 0.0001
7 80 0.0001
7 80 0.0001
7 81 0.0001
7 81 0.0001
7 81 0.0001
7 81 0.0001
7 84 0.0001
7 84 0.0001
7 84 0.0001
7 84 0.0001
7 85 0.0001
7 85 0.0001
7 85 0.0001
7 85 0.0001
7 88 0.0001
7 88 0.0001
7 88 0.0001
7 88 0.0001
7 89 0.0001
7 89 0.0001
7 89 0.0001
7 89 0.0001
7 92 0.0001
7 92 0.0001
7 92 0.0001
7 92 0.0001
7 93 0.0001
7 93 0.0001
7 93 0.0001
7 93 0.0001
7 96 0.0001
7 96 0.0001
7 96 0.0001
7 96 0.0001
7 97 0.0001
7 97 0.0001
7 97 0.0001
7 97 0.0001
7 100 0.0001
7 100 0.0001
7 100 0.0001
7 100 0.0001
7 101 0.0001
7 101 0.0001
7 101 0.0001
7 101 0.0001
7 108 0.0001
7 108 0.0001
7 108 0.0001
7 108 0.0001
7 109 0.0001
7 109 0.0001
7 109 0.0001
7 109 0.0001
7 112 0.0001
7 112 0.0001
7 112 0.0001
7 112 0.0001
7 113 0.0001
7 113 0.0001
7 113 0.0001
7 113 0.0001
7 116 0.0001
7 116 0.0001
7 116 0.0001
7 116 0.0001
7 117 0.0001
7 117 0.0001
7 117 0.0001
7 117 0.0001
7 132 0.0001
7 132 0.0001
7 132 0.0001
7 132 0.0001
7 133 0.0001
7 133 0.0001
7 133 0.0001
7 133 0.0001
7 136 0.0001
7 136 0.0001
7 136 0.0001
7 136 0.0001
7 137 0.0001
7 137 0.0001
7 137 0.0001
7 137 0.0001
7 140 0.0001
7 140 0.0001
7 140 0.0001
7 140 0.0001
7 141 0.0001
7 141 0.0001
7 141 0.0001
7 141 0.0001
8 56 0.0001
8 56 0.0001
8 56 0.0001
8 56 0.0001
8 57 0.0001
8 57 0.0001
8 57 0.0001
8 57 0.0001
8 80 0.0001
8 80 0.0001
8 80 0.0001
8 80 0.0001
8 81 0.0001
8 81 0.0001
8 81 0.0001
8 81 0.0001
8 112 0.0001
8 112 0.0001
8 112 0.0001
8 112 0.0001
8 113 0.0001
8 113 0.0001
8 113 0.0001
8 113 0.0001
8 104 0.0001
8 104 0.0001
8 104 0.0001
8 104 0.0001
8 105 0.0001
8 105 0.0001
8 105 0.0001
8 105 0.0001
8 48 0.0001
8 48 0.0001
8 48 0.08
8 48 0.08
8 49 0.0001
8 49 0.08
8 49 0.0001
8 49 0.0001
8 52 0.0001
8 52 0.08
8 52 0.0001
8 52 0.0001
8 53 0.0001
8 53 0.0001
8 53 0.0001
8 53 0.0001
8 56 0.0001
8 56 0.0001
8 56 0.0001
8 56 0.0001
8 57 0.08
8 57 0.0001
8 57 0.0001
8 57 0.0001
8 60 0.0001
8 60 0.0001
8 60 0.0001
8 60 0.08
8 61 0.0001
8 61 0.08
8 61 0.08
8 61 0.08
8 64 0.0001
8 64 0.0001
8 64 0.0001
8 64 0.0001
8 65 0.0001
8 65 0.0001
8 65 0.08
8 65 0.08
8 68 0.0001
8 68 0.0001
8 68 0.0001
8 68 0.0001
8 69 0.0001
8 69 0.0001
8 69 0.0001
8 69 0.0001
8 72 0.0001
8 72 0.0001
8 72 0.0001
8 72 0.0001
8 73 0.0001
8 73 0.0001
8 73 0.0001
8 73 0.0001
8 76 0.0001
8 76 0.0001
8 76 0.0001
8 76 0.0001
8 77 0.0001
8 77 0.0001
8 77 0.0001
8 77 0.0001
8 80 0.0001
8 80 0.0001
8 80 0.0001
8 80 0.0001
8 81 0.0001
8 81 0.0001
8 81 0.0001
8 81 0.0001
8 84 0.0001
8 84 0.0001
8 84 0.0001
8 84 0.0001
8 85 0.0001
8 85 0.0001
8 85 0.0001
8 85 0.0001
8 88 0.0001
8 88 0.0001
8 88 0.0001
8 88 0.0001
8 89 0.0001
8 89 0.0001
8 89 0.0001
8 89 0.0001
8 92 0.0001
8 92 0.0001
8 92 0.0001
8 92 0.0001
8 93 0.0001
8 93 0.0001
8 93 0.0001
8 93 0.0001
8 96 0.0001
8 96 0.0001
8 96 0.0001
8 96 0.0001
8 97 0.0001
8 97 0.0001
8 97 0.0001
8 97 0.0001
8 100 0.0001
8 100 0.0001
8 100 0.0001
8 100 0.0001
8 101 0.0001
8 101 0.0001
8 101 0.0001
8 101 0.0001
8 108 0.0001
8 108 0.0001
8 108 0.0001
8 108 0.0001
8 109 0.0001
8 109 0.0001
8 109 0.0001
8 109 0.0001
8 112 0.0001
8 112 0.0001
8 112 0.0001
8 112 0.0001
8 113 0.0001
8 113 0.0001
8 113 0.0001
8 113 0.0001
8 116 0.0001
8 116 0.0001
8 116 0.0001
8 116 0.0001
8 117 0.0001
8 117 0.0001
8 117 0.0001
8 117 0.0001
8 132 0.0001
8 132 0.0001
8 132 0.0001
8 132 0.0001
8 133 0.0001
8 133 0.0001
8 133 0.0001
8 133 0.0001
8 136 0.0001
8 136 0.0001
8 136 0.0001
8 136 0.0001
8 137 0.0001
8 137 0.0001
8 137 0.0001
8 137 0.0001
8 140 0.0001
8 140 0.0001
8 140 0.0001
8 140 0.0001
8 141 0.0001
8 141 0.0001
8 141 0.0001
8 141 0.0001
9 56 0.0001
9 56 0.0001
9 56 0.0001
9 56 0.0001
9 57 0.0001
9 57 0.0001
9 57 0.0001
9 57 0.0001
9 80 0.0001
9 80 0.0001
9 80 0.0001
9 80 0.0001
9 81 0.0001
9 81 0.0001
9 81 0.0001
9 81 0.0001
9 112 0.0001
9 112 0.0001
9 112 0.0001
9 112 0.0001
9 113 0.0001
9 113 0.0001
9 113 0.0001
9 113 0.0001
9 104 0.0001
9 104 0.0001
9 104 0.0001
9 104 0.0001
9 105 0.0001
9 105 0.0001
9 105 0.0001
9 105 0.0001
9 48 0.0001
9 48 0.08
9 48 0.08
9 48 0.08
9 49 0.0001
9 49 0.08
9 49 0.0001
9 49 0.0001
9 52 0.0001
9 52 0.0001
9 52 0.08
9 52 0.0001
9 53 0.0001
9 53 0.08
9 53 0.0001
9 53 0.0001
9 56 0.0001
9 56 0.08
9 56 0.0001
9 56 0.0001
9 57 0.08
9 57 0.08
9 57 0.08
9 57 0.08
9 60 0.0001
9 60 0.0001
9 60 0.0001
9 60 0.0001
9 61 0.0001
9 61 0.0001
9 61 0.08
9 61 0.08
9 64 0.0001
9 64 0.08
9 64 0.0001
9 64 0.08
9 65 0.0001
9 65 0.0001
9 65 0.0001
9 65 0.0001
9 68 0.0001
9 68 0.0001
9 68 0.0001
9 68 0.0001
9 69 0.0001
9 69 0.0001
9 69 0.0001
9 69 0.0001
9 72 0.0001
9 72 0.0001
9 72 0.0001
9 72 0.0001
9 73 0.0001
9 73 0.0001
9 73 0.0001
9 73 0.0001
9 76 0.0001
9 76 0.0001
9 76 0.0001
9 76 0.0001
9 77 0.0001
9 77 0.0001
9 77 0.0001
9 77 0.0001
9 80 0.0001
9 80 0.0001
9 80 0.0001
9 80 0.0001
9 81 0.0001
9 81 0.0001
9 81 0.0001
9 81 0.0001
9 84 0.0001
9 84 0.0001
9 84 0.0001
9 84 0.0001
9 85 0.0001
9 85 0.0001
9 85 0.0001
9 85 0.0001
9 88 0.0001
9 88 0.0001
9 88 0.0001
9 88 0.0001
9 89 0.0001
9 89 0.0001
9 89 0.0001
9 89 0.0001
9 92 0.0001
9 92 0.0001
9 92 0.0001
9 92 0.0001
9 93 0.0001
9 93 0.0001
9 93 0.0001
9 93 0.0001
9 96 0.0001
9 96 0.0001
9 96 0.0001
9 96 0.0001
9 97 0.0001
9 97 0.0001
9 97 0.0001
9 97 0.0001
9 100 0.0001
9 100 0.0001
9 100 0.0001
9 100 0.0001
9 101 0.0001
9 101 0.0001
9 101 0.0001
9 101 0.0001
9 108 0.0001
9 108 0.0001
9 108 0.0001
9 108 0.0001
9 109 0.0001
9 109 0.0001
9 109 0.0001
9 109 0.0001
9 112 0.0001
9 112 0.0001
9 112 0.0001
9 112 0.0001
9 113 0.0001
9 113 0.0001
9 113 0.0001
9 113 0.0001
9 116 0.0001
9 116 0.0001
9 116 0.0001
9 116 0.0001
9 117 0.0001
9 117 0.0001
9 117 0.0001
9 117 0.0001
9 132 0.0001
9 132 0.0001
9 132 0.0001
9 132 0.0001
9 133 0.0001
9 133 0.0001
9 133 0.0001
9 133 0.0001
9 136 0.0001
9 136 0.0001
9 136 0.0001
9 136 0.0001
9 137 0.0001
9 137 0.0001
9 137 0.0001
9 137 0.0001
9 140 0.0001
9 140 0.0001
9 140 0.0001
9 140 0.0001
9 141 0.0001
9 141 0.0001
9 141 0.0001
9 141 0.0001
10 56 0.0001
10 56 0.0001
10 56 0.0001
10 56 0.0001
10 57 0.0001
10 57 0.0001
10 57 0.0001
10 57 0.0001
10 80 0.0001
10 80 0.0001
10 80 0.0001
10 80 0.0001
10 81 0.0001
10 81 0.0001
10 81 0.0001
10 81 0.0001
10 112 0.0001
10 112 0.0001
10 112 0.0001
10 112 0.0001
10 113 0.0001
10 113 0.0001
10 113 0.0001
10 113 0.0001
10 104 0.0001
10 104 0.0001
10 104 0.0001
10 104 0.0001
10 105 0.0001
10 105 0.0001
10 105 0.0001
10 105 0.0001
10 48 0.0001
10 48 0.0001
10 48 0.0001
10 48 0.0001
10 49 0.0001
10 49 0.0001
10 49 0.0001
10 49 0.0001
10 52 0.0001
10 52 0.0001
10 52 0.08
10 52 0.08
10 53 0.0001
10 53 0.0001
10 53 0.0001
10 53 0.08
10 56 0.0001
10 56 0.0001
10 56 0.0001
10 56 0.0001
10 57 0.0001
10 57 0.0001
10 57 0.08
10 57 0.0001
10 60 0.0001
10 60 0.0001
10 60 0.0001
10 60 0.0001
10 61 0.0001
10 61 0.0001
10 61 0.08
10 61 0.0001
10 64 0.0001
10 64 0.08
10 64 0.08
10 64 0.0001
10 65 0.08
10 65 0.0001
10 65 0.0001
10 65 0.08
10 68 0.0001
10 68 0.0001
10 68 0.0001
10 68 0.0001
10 69 0.0001
10 69 0.0001
10 69 0.0001
10 69 0.0001
10 72 0.0001
10 72 0.0001
10 72 0.0001
10 72 0.0001
10 73 0.0001
10 73 0.0001
10 73 0.0001
10 73 0.0001
10 76 0.0001
10 76 0.0001
10 76 0.0001
10 76 0.0001
10 77 0.0001
10 77 0.0001
10 77 0.0001
10 77 0.0001
10 80 0.0001
10 80 0.0001
10 80 0.0001
10 80 0.0001
10 81 0.0001
10 81 0.0001
10 81 0.0001
10 81 0.0001
10 84 0.0001
10 84 0.0001
10 84 0.0001
10 84 0.0001
10 85 0.0001
10 85 0.0001
10 85 0.0001
10 85 0.0001
10 88 0.0001
10 88 0.0001
10 88 0.0001
10 88 0.0001
10 89 0.0001
10 89 0.0001
10 89 0.0001
10 89 0.0001
10 92 0.0001
10 92 0.0001
10 92 0.0001
10 92 0.0001
10 93 0.0001
10 93 0.0001
10 93 0.0001
10 93 0.0001
10 96 0.0001
10 96 0.0001
10 96 0.0001
10 96 0.0001
10 97 0.0001
10 97 0.0001
10 97 0.0001
10 97 0.0001
10 100 0.0001
10 100 0.0001
10 100 0.0001
10 100 0.0001
10 101 0.0001
10 101 0.0001
10 101 0.0001
10 101 0.0001
10 108 0.0001
10 108 0.0001
10 108 0.0001
10 108 0.0001
10 109 0.0001
10 109 0.0001
10 109 0.0001
10 109 0.0001
10 112 0.0001
10 112 0.0001
10 112 0.0001
10 112 0.0001
10 113 0.0001
10 113 0.0001
10 113 0.0001
10 113 0.0001
10 116 0.0001
10 116 0.0001
10 116 0.0001
10 116 0.0001
10 117 0.0001
10 117 0.0001
10 117 0.0001
10 117 0.0001
10 132 0.0001
10 132 0.0001
10 132 0.0001
10 132 0.0001
10 133 0.0001
10 133 0.0001
10 133 0.0001
10 133 0.0001
10 136 0.0001
10 136 0.0001
10 136 0.0001
10 136 0.0001
10 137 0.0001
10 137 0.0001
10 137 0.0001
10 137 0.0001
10 140 0.0001
10 140 0.0001
10 140 0.0001
10 140 0.0001
10 141 0.0001
10 141 0.0001
10 141 0.0001
10 141 0.0001
11 56 0.0001
11 56 0.0001
11 56 0.0001
11 56 0.0001
11 57 0.0001
11 57 0.0001
11 57 0.0001
11 57 0.0001
11 80 0.0001
11 80 0.0001
11 80 0.0001
11 80 0.0001
11 81 0.0001
11 81 0.0001
11 81 0.0001
11 81 0.0001
11 112 0.0001
11 112 0.0001
11 112 0.0001
11 112 0.0001
11 113 0.0001
11 113 0.0001
11 113 0.0001
11 113 0.0001
11 104 0.0001
11 104 0.0001
11 104 0.0001
11 104 0.0001
11 105 0.0001
11 105 0.0001
11 105 0.0001
11 105 0.0001
11 48 0.0001
11 48 0.0001
11 48 0.0001
11 48 0.0001
11 49 0.0001
11 49 0.0001
11 49 0.08
11 49 0.0001
11 52 0.08
11 52 0.0001
11 52 0.0001
11 52 0.08
11 53 0.0001
11 53 0.0001
11 53 0.08
11 53 0.08
11 56 0.08
11 56 0.08
11 56 0.0001
11 56 0.0001
11 57 0.0001
11 57 0.0001
11 57 0.0001
11 57 0.0001
11 60 0.0001
11 60 0.0001
11 60 0.0001
11 60 0.0001
11 61 0.0001
11 61 0.0001
11 61 0.0001
11 61 0.0001
11 64 0.08
11 64 0.08
11 64 0.0001
11 64 0.0001
11 65 0.0001
11 65 0.0001
11 65 0.0001
11 65 0.0001
11 68 0.0001
11 68 0.0001
11 68 0.0001
11 68 0.0001
11 69 0.0001
11 69 0.0001
11 69 0.0001
11 69 0.0001
11 72 0.0001
11 72 0.0001
11 72 0.0001
11 72 0.0001
11 73 0.0001
11 73 0.0001
11 73 0.0001
11 73 0.0001
11 76 0.0001
11 76 0.0001
11 76 0.0001
11 76 0.0001
11 77 0.0001
11 77 0.0001
11 77 0.0001
11 77 0.0001
11 80 0.0001
11 80 0.0001
11 80 0.0001
11 80 0.0001
11 81 0.0001
11 81 0.0001
11 81 0.0001
11 81 0.0001
11 84 0.0001
11 84 0.0001
11 84 0.0001
11 84 0.0001
11 85 0.0001
11 85 0.0001
11 85 0.0001
11 85 0.0001
11 88 0.0001
11 88 0.0001
11 88 0.0001
11 88 0.0001
11 89 0.0001
11 89 0.0001
11 89 0.0001
11 89 0.0001
11 92 0.0001
11 92 0.0001
11 92 0.0001
11 92 0.0001
11 93 0.0001
11 93 0.0001
11 93 0.0001
11 93 0.0001
11 96 0.0001
11 96 0.0001
11 96 0.0001
11 96 0.0001
11 97 0.0001
11 97 0.0001
11 97 0.0001
11 97 0.0001
11 100 0.0001
11 100 0.0001
11 100 0.0001
11 100 0.0001
11 101 0.0001
11 101 0.0001
11 101 0.0001
11 101 0.0001
11 108 0.0001
11 108 0.0001
11 108 0.0001
11 108 0.0001
11 109 0.0001
11 109 0.0001
11 109 0.0001
11 109 0.0001
11 112 0.0001
11 112 0.0001
11 112 0.0001
11 112 0.0001
11 113 0.0001
11 113 0.0001
11 113 0.0001
11 113 0.0001
11 116 0.0001
11 116 0.0001
11 116 0.0001
11 116 0.0001
11 117 0.0001
11 117 0.0001
11 117 0.0001
11 117 0.0001
11 132 0.0001
11 132 0.0001
11 132 0.0001
11 132 0.0001
11 133 0.0001
11 133 0.0001
11 133 0.0001
11 133 0.0001
11 136 0.0001
11 136 0.0001
11 136 0.0001
11 136 0.0001
11 137 0.0001
11 137 0.0001
11 137 0.0001
11 137 0.0001
11 140 0.0001
11 140 0.0001
11 140 0.0001
11 140 0.0001
11 141 0.0001
11 141 0.0001
11 141 0.0001
11 141 0.0001
12 56 0.0001
12 56 0.0001
12 56 0.0001
12 56 0.0001
12 57 0.0001
12 57 0.0001
12 57 0.0001
12 57 0.0001
12 80 0.0001
12 80 0.0001
12 80 0.0001
12 80 0.0001
12 81 0.0001
12 81 0.0001
12 81 0.0001
12 81 0.0001
12 112 0.0001
12 112 0.0001
12 112 0.0001
12 112 0.0001
12 113 0.0001
12 113 0.0001
12 113 0.0001
12 113 0.0001
12 104 0.0001
12 104 0.0001
12 104 0.0001
12 104 0.0001
12 105 0.0001
12 105 0.0001
12 105 0.0001
12 105 0.0001
12 48 0.0001
12 48 0.0001
12 48 0.0001
12 48 0.0001
12 49 0.0001
12 49 0.0001
12 49 0.0001
12 49 0.0001
12 52 0.0001
12 52 0.0001
12 52 0.0001
12 52 0.0001
12 53 0.0001
12 53 0.0001
12 53 0.0001
12 53 0.0001
12 56 0.0001
12 56 0.0001
12 56 0.0001
12 56 0.0001
12 57 0.0001
12 57 0.0001
12 57 0.0001
12 57 0.0001
12 60 0.0001
12 60 0.0001
12 60 0.0001
12 60 0.0001
12 61 0.0001
12 61 0.0001
12 61 0.0001
12 61 0.0001
12 64 0.0001
12 64 0.0001
12 64 0.0001
12 64 0.0001
12 65 0.0001
12 65 0.0001
12 65 0.0001
12 65 0.0001
12 68 0.0001
12 68 0.0001
12 68 0.0001
12 68 0.0001
12 69 0.08
12 69 0.0001
12 69 0.0001
12 69 0.08
12 72 0.0001
12 72 0.0001
12 72 0.0001
12 72 0.0001
12 73 0.08
12 73 0.08
12 73 0.0001
12 73 0.08
12 76 0.08
12 76 0.08
12 76 0.0001
12 76 0.0001
12 77 0.0001
12 77 0.08
12 77 0.0001
12 77 0.0001
12 80 0.0001
12 80 0.0001
12 80 0.08
12 80 0.0001
12 81 0.0001
12 81 0.08
12 81 0.0001
12 81 0.08
12 84 0.08
12 84 0.0001
12 84 0.0001
12 84 0.0001
12 85 0.0001
12 85 0.08
12 85 0.08
12 85 0.0001
12 88 0.0001
12 88 0.0001
12 88 0.0001
12 88 0.0001
12 89 0.0001
12 89 0.08
12 89 0.08
12 89 0.0001
12 92 0.0001
12 92 0.0001
12 92 0.0001
12 92 0.0001
12 93 0.08
12 93 0.0001
12 93 0.0001
12 93 0.08
12 96 0.0001
12 96 0.0001
12 96 0.0001
12 96 0.0001
12 97 0.0001
12 97 0.0001
12 97 0.0001
12 97 0.0001
12 100 0.0001
12 100 0.0001
12 100 0.0001
12 100 0.0001
12 101 0.0001
12 101 0.0001
12 101 0.0001
12 101 0.0001
12 108 0.0001
12 108 0.0001
12 108 0.0001
12 108 0.0001
12 109 0.0001
12 109 0.0001
12 109 0.0001
12 109 0.0001
12 112 0.0001
12 112 0.0001
12 112 0.0001
12 112 0.0001
12 113 0.0001
12 113 0.0001
12 113 0.0001
12 113 0.0001
12 116 0.0001
12 116 0.0001
12 116 0.0001
12 116 0.0001
12 117 0.0001
12 117 0.0001
12 117 0.0001
12 117 0.0001
12 132 0.0001
12 132 0.0001
12 132 0.0001
12 132 0.0001
12 133 0.0001
12 133 0.0001
12 133 0.0001
12 133 0.0001
12 136 0.0001
12 136 0.0001
12 136 0.0001
12 136 0.0001
12 137 0.0001
12 137 0.0001
12 137 0.0001
12 137 0.0001
12 140 0.0001
12 140 0.0001
12 140 0.0001
12 140 0.0001
12 141 0.0001
12 141 0.0001
12 141 0.0001
12 141 0.0001
13 56 0.0001
13 56 0.0001
13 56 0.0001
13 56 0.0001
13 57 0.0001
13 57 0.0001
13 57 0.0001
13 57 0.0001
13 80 0.0001
13 80 0.0001
13 80 0.0001
13 80 0.0001
13 81 0.0001
13 81 0.0001
13 81 0.0001
13 81 0.0001
13 112 0.0001
13 112 0.0001
13 112 0.0001
13 112 0.0001
13 113 0.0001
13 113 0.0001
13 113 0.0001
13 113 0.0001
13 104 0.0001
13 104 0.0001
13 104 0.0001
13 104 0.0001
13 105 0.0001
13 105 0.0001
13 105 0.0001
13 105 0.0001
13 48 0.0001
13 48 0.0001
13 48 0.0001
13 48 0.0001
13 49 0.0001
13 49 0.0001
13 49 0.0001
13 49 0.0001
13 52 0.0001
13 52 0.0001
13 52 0.0001
13 52 0.0001
13 53 0.0001
13 53 0.0001
13 53 0.0001
13 53 0.0001
13 56 0.0001
13 56 0.0001
13 56 0.0001
13 56 0.0001
13 57 0.0001
13 57 0.0001
13 57 0.0001
13 57 0.0001
13 60 0.0001
13 60 0.0001
13 60 0.0001
13 60 0.0001
13 61 0.0001
13 61 0.0001
13 61 0.0001
13 61 0.0001
13 64 0.0001
13 64 0.0001
13 64 0.0001
13 64 0.0001
13 65 0.0001
13 65 0.0001
13 65 0.0001
13 65 0.0001
13 68 0.0001
13 68 0.0001
13 68 0.0001
13 68 0.08
13 69 0.08
13 69 0.0001
13 69 0.08
13 69 0.08
13 72 0.0001
13 72 0.08
13 72 0.0001
13 72 0.08
13 73 0.08
13 73 0.0001
13 73 0.0001
13 73 0.0001
13 76 0.0001
13 76 0.0001
13 76 0.0001
13 76 0.08
13 77 0.08
13 77 0.08
13 77 0.0001
13 77 0.0001
13 80 0.0001
13 80 0.08
13 80 0.08
13 80 0.0001
13 81 0.0001
13 81 0.0001
13 81 0.08
13 81 0.0001
13 84 0.0001
13 84 0.08
13 84 0.08
13 84 0.0001
13 85 0.08
13 85 0.0001
13 85 0.0001
13 85 0.0001
13 88 0.0001
13 88 0.0001
13 88 0.08
13 88 0.0001
13 89 0.0001
13 89 0.0001
13 89 0.0001
13 89 0.08
13 92 0.08
13 92 0.08
13 92 0.0001
13 92 0.0001
13 93 0.08
13 93 0.0001
13 93 0.0001
13 93 0.0001
13 96 0.0001
13 96 0.0001
13 96 0.0001
13 96 0.0001
13 97 0.0001
13 97 0.0001
13 97 0.0001
13 97 0.0001
13 100 0.0001
13 100 0.0001
13 100 0.0001
13 100 0.0001
13 101 0.0001
13 101 0.0001
13 101 0.0001
13 101 0.0001
13 108 0.0001
13 108 0.0001
13 108 0.0001
13 108 0.0001
13 109 0.0001
13 109 0.0001
13 109 0.0001
13 109 0.0001
13 112 0.0001
13 112 0.0001
13 112 0.0001
13 112 0.0001
13 113 0.0001
13 113 0.0001
13 113 0.0001
13 113 0.0001
13 116 0.0001
13 116 0.0001
13 116 0.0001
13 116 0.0001
13 117 0.0001
13 117 0.0001
13 117 0.0001
13 117 0.0001
13 132 0.0001
13 132 0.0001
13 132 0.0001
13 132 0.0001
13 133 0.0001
13 133 0.0001
13 133 0.0001
13 133 0.0001
13 136 0.0001
13 136 0.0001
13 136 0.0001
13 136 0.0001
13 137 0.0001
13 137 0.0001
13 137 0.0001
13 137 0.0001
13 140 0.0001
13 140 0.0001
13 140 0.0001
13 140 0.0001
13 141 0.0001
13 141 0.0001
13 141 0.0001
13 141 0.0001
14 56 0.0001
14 56 0.0001
14 56 0.0001
14 56 0.0001
14 57 0.0001
14 57 0.0001
14 57 0.0001
14 57 0.0001
14 80 0.0001
14 80 0.0001
14 80 0.0001
14 80 0.0001
14 81 0.0001
14 81 0.0001
14 81 0.0001
14 81 0.0001
14 112 0.0001
14 112 0.0001
14 112 0.0001
14 112 0.0001
14 113 0.0001
14 113 0.0001
14 113 0.0001
14 113 0.0001
14 104 0.0001
14 104 0.0001
14 104 0.0001
14 104 0.0001
14 105 0.0001
14 105 0.0001
14 105 0.0001
14 105 0.0001
14 48 0.0001
14 48 0.0001
14 48 0.0001
14 48 0.0001
14 49 0.0001
14 49 0.0001
14 49 0.0001
14 49 0.0001
14 52 0.0001
14 52 0.0001
14 52 0.0001
14 52 0.0001
14 53 0.0001
14 53 0.0001
14 53 0.0001
14 53 0.0001
14 56 0.0001
14 56 0.0001
14 56 0.0001
14 56 0.0001
14 57 0.0001
14 57 0.0001
14 57 0.0001
14 57 0.0001
14 60 0.0001
14 60 0.0001
14 60 0.0001
14 60 0.0001
14 61 0.0001
14 61 0.0001
14 61 0.0001
14 61 0.0001
14 64 0.0001
14 64 0.0001
14 64 0.0001
14 64 0.0001
14 65 0.0001
14 65 0.0001
14 65 0.0001
14 65 0.0001
14 68 0.0001
14 68 0.0001
14 68 0.08
14 68 0.0001
14 69 0.08
14 69 0.0001
14 69 0.0001
14 69 0.08
14 72 0.0001
14 72 0.08
14 72 0.0001
14 72 0.0001
14 73 0.0001
14 73 0.0001
14 73 0.0001
14 73 0.0001
14 76 0.0001
14 76 0.0001
14 76 0.08
14 76 0.0001
14 77 0.0001
14 77 0.0001
14 77 0.08
14 77 0.0001
14 80 0.0001
14 80 0.0001
14 80 0.0001
14 80 0.08
14 81 0.0001
14 81 0.0001
14 81 0.0001
14 81 0.08
14 84 0.0001
14 84 0.0001
14 84 0.0001
14 84 0.0001
14 85 0.0001
14 85 0.0001
14 85 0.08
14 85 0.0001
14 88 0.0001
14 88 0.0001
14 88 0.0001
14 88 0.0001
14 89 0.0001
14 89 0.0001
14 89 0.0001
14 89 0.0001
14 92 0.0001
14 92 0.0001
14 92 0.08
14 92 0.0001
14 93 0.0001
14 93 0.0001
14 93 0.0001
14 93 0.0001
14 96 0.0001
14 96 0.0001
14 96 0.0001
14 96 0.0001
14 97 0.0001
14 97 0.0001
14 97 0.0001
14 97 0.0001
14 100 0.0001
14 100 0.0001
14 100 0.0001
14 100 0.0001
14 101 0.0001
14 101 0.0001
14 101 0.0001
14 101 0.0001
14 108 0.0001
14 108 0.0001
14 108 0.0001
14 108 0.0001
14 109 0.0001
14 109 0.0001
14 109 0.0001
14 109 0.0001
14 112 0.0001
14 112 0.0001
14 112 0.0001
14 112 0.0001
14 113 0.0001
14 113 0.0001
14 113 0.0001
14 113 0.0001
14 116 0.0001
14 116 0.0001
14 116 0.0001
14 116 0.0001
14 117 0.0001
14 117 0.0001
14 117 0.0001
14 117 0.0001
14 132 0.0001
14 132 0.0001
14 132 0.0001
14 132 0.0001
14 133 0.0001
14 133 0.0001
14 133 0.0001
14 133 0.0001
14 136 0.0001
14 136 0.0001
14 136 0.0001
14 136 0.0001
14 137 0.0001
14 137 0.0001
14 137 0.0001
14 137 0.0001
14 140 0.0001
14 140 0.0001
14 140 0.0001
14 140 0.0001
14 141 0.0001
14 141 0.0001
14 141 0.0001
14 141 0.0001
15 56 0.0001
15 56 0.0001
15 56 0.0001
15 56 0.0001
15 57 0.0001
15 57 0.0001
15 57 0.0001
15 57 0.0001
15 80 0.0001
15 80 0.0001
15 80 0.0001
15 80 0.0001
15 81 0.0001
15 81 0.0001
15 81 0.0001
15 81 0.0001
15 112 0.0001
15 112 0.0001
15 112 0.0001
15 112 0.0001
15 113 0.0001
15 113 0.0001
15 113 0.0001
15 113 0.0001
15 104 0.0001
15 104 0.0001
15 104 0.0001
15 104 0.0001
15 105 0.0001
15 105 0.0001
15 105 0.0001
15 105 0.0001
15 48 0.0001
15 48 0.0001
15 48 0.0001
15 48 0.0001
15 49 0.0001
15 49 0.0001
15 49 0.0001
15 49 0.0001
15 52 0.0001
15 52 0.0001
15 52 0.0001
15 52 0.0001
15 53 0.0001
15 53 0.0001
15 53 0.0001
15 53 0.0001
15 56 0.0001
15 56 0.0001
15 56 0.0001
15 56 0.0001
15 57 0.0001
15 57 0.0001
15 57 0.0001
15 57 0.0001
15 60 0.0001
15 60 0.0001
15 60 0.0001
15 60 0.0001
15 61 0.0001
15 61 0.0001
15 61 0.0001
15 61 0.0001
15 64 0.0001
15 64 0.0001
15 64 0.0001
15 64 0.0001
15 65 0.0001
15 65 0.0001
15 65 0.0001
15 65 0.0001
15 68 0.0001
15 68 0.0001
15 68 0.08
15 68 0.08
15 69 0.08
15 69 0.0001
15 69 0.0001
15 69 0.0001
15 72 0.0001
15 72 0.0001
15 72 0.0001
15 72 0.0001
15 73 0.08
15 73 0.0001
15 73 0.0001
15 73 0.0001
15 76 0.0001
15 76 0.08
15 76 0.0001
15 76 0.0001
15 77 0.0001
15 77 0.0001
15 77 0.0001
15 77 0.08
15 80 0.08
15 80 0.0001
15 80 0.0001
15 80 0.0001
15 81 0.08
15 81 0.0001
15 81 0.0001
15 81 0.0001
15 84 0.0001
15 84 0.08
15 84 0.08
15 84 0.0001
15 85 0.0001
15 85 0.08
15 85 0.0001
15 85 0.0001
15 88 0.0001
15 88 0.08
15 88 0.08
15 88 0.0001
15 89 0.0001
15 89 0.0001
15 89 0.0001
15 89 0.0001
15 92 0.0001
15 92 0.0001
15 92 0.08
15 92 0.08
15 93 0.08
15 93 0.0001
15 93 0.08
15 93 0.0001
15 96 0.0001
15 96 0.0001
15 96 0.0001
15 96 0.0001
15 97 0.0001
15 97 0.0001
15 97 0.0001
15 97 0.0001
15 100 0.0001
15 100 0.0001
15 100 0.0001
15 100 0.0001
15 101 0.0001
15 101 0.0001
15 101 0.0001
15 101 0.0001
15 108 0.0001
15 108 0.0001
15 108 0.0001
15 108 0.0001
15 109 0.0001
15 109 0.0001
15 109 0.0001
15 109 0.0001
15 112 0.0001
15 112 0.0001
15 112 0.0001
15 112 0.0001
15 113 0.0001
15 113 0.0001
15 113 0.0001
15 113 0.0001
15 116 0.0001
15 116 0.0001
15 116 0.0001
15 116 0.0001
15 117 0.0001
15 117 0.0001
15 117 0.0001
15 117 0.0001
15 132 0.0001
15 132 0.0001
15 132 0.0001
15 132 0.0001
15 133 0.0001
15 133 0.0001
15 133 0.0001
15 133 0.0001
15 136 0.0001
15 136 0.0001
15 136 0.0001
15 136 0.0001
15 137 0.0001
15 137 0.0001
15 137 0.0001
15 137 0.0001
15 140 0.0001
15 140 0.0001
15 140 0.0001
15 140 0.0001
15 141 0.0001
15 141 0.0001
15 141 0.0001
15 141 0.0001
16 56 0.0001
16 56 0.0001
16 56 0.0001
16 56 0.0001
16 57 0.0001
16 57 0.0001
16 57 0.0001
16 57 0.0001
16 80 0.0001
16 80 0.0001
16 80 0.0001
16 80 0.0001
16 81 0.0001
16 81 0.0001
16 81 0.0001
16 81 0.0001
16 112 0.0001
16 112 0.0001
16 112 0.0001
16 112 0.0001
16 113 0.0001
16 113 0.0001
16 113 0.0001
16 113 0.0001
16 104 0.0001
16 104 0.0001
16 104 0.0001
16 104 0.0001
16 105 0.0001
16 105 0.0001
16 105 0.0001
16 105 0.0001
16 48 0.0001
16 48 0.0001
16 48 0.0001
16 48 0.0001
16 49 0.0001
16 49 0.0001
16 49 0.0001
16 49 0.0001
16 52 0.0001
16 52 0.0001
16 52 0.0001
16 52 0.0001
16 53 0.0001
16 53 0.0001
16 53 0.0001
16 53 0.0001
16 56 0.0001
16 56 0.0001
16 56 0.0001
16 56 0.0001
16 57 0.0001
16 57 0.0001
16 57 0.0001
16 57 0.0001
16 60 0.0001
16 60 0.0001
16 60 0.0001
16 60 0.0001
16 61 0.0001
16 61 0.0001
16 61 0.0001
16 61 0.0001
16 64 0.0001
16 64 0.0001
16 64 0.0001
16 64 0.0001
16 65 0.0001
16 65 0.0001
16 65 0.0001
16 65 0.0001
16 68 0.08
16 68 0.0001
16 68 0.0001
16 68 0.0001
16 69 0.0001
16 69 0.0001
16 69 0.0001
16 69 0.08
16 72 0.0001
16 72 0.0001
16 72 0.0001
16 72 0.0001
16 73 0.0001
16 73 0.08
16 73 0.08
16 73 0.0001
16 76 0.0001
16 76 0.0001
16 76 0.08
16 76 0.0001
16 77 0.0001
16 77 0.0001
16 77 0.0001
16 77 0.0001
16 80 0.0001
16 80 0.0001
16 80 0.08
16 80 0.0001
16 81 0.0001
16 81 0.08
16 81 0.0001
16 81 0.08
16 84 0.0001
16 84 0.0001
16 84 0.0001
16 84 0.0001
16 85 0.0001
16 85 0.0001
16 85 0.08
16 85 0.0001
16 88 0.0001
16 88 0.0001
16 88 0.0001
16 88 0.0001
16 89 0.0001
16 89 0.0001
16 89 0.0001
16 89 0.0001
16 92 0.0001
16 92 0.08
16 92 0.08
16 92 0.0001
16 93 0.0001
16 93 0.08
16 93 0.0001
16 93 0.08
16 96 0.0001
16 96 0.0001
16 96 0.0001
16 96 0.0001
16 97 0.0001
16 97 0.0001
16 97 0.0001
16 97 0.0001
16 100 0.0001
16 100 0.0001
16 100 0.0001
16 100 0.0001
16 101 0.0001
16 101 0.0001
16 101 0.0001
16 101 0.0001
16 108 0.0001
16 108 0.0001
16 108 0.0001
16 108 0.0001
16 109 0.0001
16 109 0.0001
16 109 0.0001
16 109 0.0001
16 112 0.0001
16 112 0.0001
16 112 0.0001
16 112 0.0001
16 113 0.0001
16 113 0.0001
16 113 0.0001
16 113 0.0001
16 116 0.0001
16 116 0.0001
16 116 0.0001
16 116 0.0001
16 117 0.0001
16 117 0.0001
16 117 0.0001
16 117 0.0001
16 132 0.0001
16 132 0.0001
16 132 0.0001
16 132 0.0001
16 133 0.0001
16 133 0.0001
16 133 0.0001
16 133 0.0001
16 136 0.0001
16 136 0.0001
16 136 0.0001
16 136 0.0001
16 137 0.0001
16 137 0.0001
16 137 0.0001
16 137 0.0001
16 140 0.0001
16 140 0.0001
16 140 0.0001
16 140 0.0001
16 141 0.0001
16 141 0.0001
16 141 0.0001
16 141 0.0001
17 56 0.0001
17 56 0.0001
17 56 0.0001
17 56 0.0001
17 57 0.0001
17 57 0.0001
17 57 0.0001
17 57 0.0001
17 80 0.0001
17 80 0.0001
17 80 0.0001
17 80 0.0001
17 81 0.0001
17 81 0.0001
17 81 0.0001
17 81 0.0001
17 112 0.0001
17 112 0.0001
17 112 0.0001
17 112 0.0001
17 113 0.0001
17 113 0.0001
17 113 0.0001
17 113 0.0001
17 104 0.0001
17 104 0.0001
17 104 0.0001
17 104 0.0001
17 105 0.0001
17 105 0.0001
17 105 0.0001
17 105 0.0001
17 48 0.0001
17 48 0.0001
17 48 0.0001
17 48 0.0001
17 49 0.0001
17 49 0.0001
17 49 0.0001
17 49 0.0001
17 52 0.0001
17 52 0.0001
17 52 0.0001
17 52 0.0001
17 53 0.0001
17 53 0.0001
17 53 0.0001
17 53 0.0001
17 56 0.0001
17 56 0.0001
17 56 0.0001
17 56 0.0001
17 57 0.0001
17 57 0.0001
17 57 0.0001
17 57 0.0001
17 60 0.0001
17 60 0.0001
17 60 0.0001
17 60 0.0001
17 61 0.0001
17 61 0.0001
17 61 0.0001
17 61 0.0001
17 64 0.0001
17 64 0.0001
17 64 0.0001
17 64 0.0001
17 65 0.0001
17 65 0.0001
17 65 0.0001
17 65 0.0001
17 68 0.0001
17 68 0.08
17 68 0.0001
17 68 0.0001
17 69 0.0001
17 69 0.0001
17 69 0.0001
17 69 0.0001
17 72 0.08
17 72 0.08
17 72 0.0001
17 72 0.0001
17 73 0.0001
17 73 0.0001
17 73 0.0001
17 73 0.0001
17 76 0.08
17 76 0.08
17 76 0.0001
17 76 0.0001
17 77 0.08
17 77 0.0001
17 77 0.0001
17 77 0.0001
17 80 0.0001
17 80 0.0001
17 80 0.08
17 80 0.0001
17 81 0.08
17 81 0.0001
17 81 0.0001
17 81 0.08
17 84 0.0001
17 84 0.08
17 84 0.0001
17 84 0.0001
17 85 0.0001
17 85 0.0001
17 85 0.0001
17 85 0.0001
17 88 0.0001
17 88 0.08
17 88 0.08
17 88 0.0001
17 89 0.08
17 89 0.08
17 89 0.0001
17 89 0.0001
17 92 0.08
17 92 0.0001
17 92 0.0001
17 92 0.0001
17 93 0.0001
17 93 0.0001
17 93 0.0001
17 93 0.0001
17 96 0.0001
17 96 0.0001
17 96 0.0001
17 96 0.0001
17 97 0.0001
17 97 0.0001
17 97 0.0001
17 97 0.0001
17 100 0.0001
17 100 0.0001
17 100 0.0001
17 100 0.0001
17 101 0.0001
17 101 0.0001
17 101 0.0001
17 101 0.0001
17 108 0.0001
17 108 0.0001
17 108 0.0001
17 108 0.0001
17 109 0.0001
17 109 0.0001
17 109 0.0001
17 109 0.0001
17 112 0.0001
17 112 0.0001
17 112 0.0001
17 112 0.0001
17 113 0.0001
17 113 0.0001
17 113 0.0001
17 113 0.0001
17 116 0.0001
17 116 0.0001
17 116 0.0001
17 116 0.0001
17 117 0.0001
17 117 0.0001
17 117 0.0001
17 117 0.0001
17 132 0.0001
17 132 0.0001
17 132 0.0001
17 132 0.0001
17 133 0.0001
17 133 0.0001
17 133 0.0001
17 133 0.0001
17 136 0.0001
17 136 0.0001
17 136 0.0001
17 136 0.0001
17 137 0.0001
17 137 0.0001
17 137 0.0001
17 137 0.0001
17 140 0.0001
17 140 0.0001
17 140 0.0001
17 140 0.0001
17 141 0.0001
17 141 0.0001
17 141 0.0001
17 141 0.0001
18 56 0.0001
18 56 0.0001
18 56 0.0001
18 56 0.0001
18 57 0.0001
18 57 0.0001
18 57 0.0001
18 57 0.0001
18 80 0.0001
18 80 0.0001
18 80 0.0001
18 80 0.0001
18 81 0.0001
18 81 0.0001
18 81 0.0001
18 81 0.0001
18 112 0.0001
18 112 0.0001
18 112 0.0001
18 112 0.0001
18 113 0.0001
18 113 0.0001
18 113 0.0001
18 113 0.0001
18 104 0.0001
18 104 0.0001
18 104 0.0001
18 104 0.0001
18 105 0.0001
18 105 0.0001
18 105 0.0001
18 105 0.0001
18 48 0.0001
18 48 0.0001
18 48 0.0001
18 48 0.0001
18 49 0.0001
18 49 0.0001
18 49 0.0001
18 49 0.0001
18 52 0.0001
18 52 0.0001
18 52 0.0001
18 52 0.0001
18 53 0.0001
18 53 0.0001
18 53 0.0001
18 53 0.0001
18 56 0.0001
18 56 0.0001
18 56 0.0001
18 56 0.0001
18 57 0.0001
18 57 0.0001
18 57 0.0001
18 57 0.0001
18 60 0.0001
18 60 0.0001
18 60 0.0001
18 60 0.0001
18 61 0.0001
18 61 0.0001
18 61 0.0001
18 61 0.0001
18 64 0.0001
18 64 0.0001
18 64 0.0001
18 64 0.0001
18 65 0.0001
18 65 0.0001
18 65 0.0001
18 65 0.0001
18 68 0.0001
18 68 0.0001
18 68 0.0001
18 68 0.0001
18 69 0.0001
18 69 0.0001
18 69 0.0001
18 69 0.0001
18 72 0.0001
18 72 0.0001
18 72 0.0001
18 72 0.0001
18 73 0.0001
18 73 0.0001
18 73 0.0001
18 73 0.0001
18 76 0.0001
18 76 0.0001
18 76 0.0001
18 76 0.0001
18 77 0.0001
18 77 0.0001
18 77 0.0001
18 77 0.0001
18 80 0.0001
18 80 0.0001
18 80 0.0001
18 80 0.0001
18 81 0.0001
18 81 0.0001
18 81 0.0001
18 81 0.0001
18 84 0.0001
18 84 0.0001
18 84 0.0001
18 84 0.0001
18 85 0.0001
18 85 0.0001
18 85 0.0001
18 85 0.0001
18 88 0.0001
18 88 0.0001
18 88 0.0001
18 88 0.0001
18 89 0.0001
18 89 0.0001
18 89 0.0001
18 89 0.0001
18 92 0.0001
18 92 0.0001
18 92 0.0001
18 92 0.0001
18 93 0.0001
18 93 0.0001
18 93 0.0001
18 93 0.0001
18 96 0.0001
18 96 0.0001
18 96 0.08
18 96 0.0001
18 97 0.0001
18 97 0.0001
18 97 0.08
18 97 0.0001
18 100 0.0001
18 100 0.0001
18 100 0.08
18 100 0.0001
18 101 0.08
18 101 0.0001
18 101 0.0001
18 101 0.08
18 108 0.08
18 108 0.08
18 108 0.0001
18 108 0.0001
18 109 0.0001
18 109 0.0001
18 109 0.0001
18 109 0.08
18 112 0.0001
18 112 0.0001
18 112 0.0001
18 112 0.0001
18 113 0.0001
18 113 0.0001
18 113 0.0001
18 113 0.0001
18 116 0.0001
18 116 0.0001
18 116 0.08
18 116 0.08
18 117 0.0001
18 117 0.0001
18 117 0.0001
18 117 0.08
18 132 0.0001
18 132 0.0001
18 132 0.0001
18 132 0.0001
18 133 0.0001
18 133 0.08
18 133 0.0001
18 133 0.08
18 136 0.0001
18 136 0.08
18 136 0.0001
18 136 0.0001
18 137 0.0001
18 137 0.0001
18 137 0.0001
18 137 0.0001
18 140 0.0001
18 140 0.0001
18 140 0.0001
18 140 0.0001
18 141 0.0001
18 141 0.08
18 141 0.0001
18 141 0.0001
19 56 0.0001
19 56 0.0001
19 56 0.0001
19 56 0.0001
19 57 0.0001
19 57 0.0001
19 57 0.0001
19 57 0.0001
19 80 0.0001
19 80 0.0001
19 80 0.0001
19 80 0.0001
19 81 0.0001
19 81 0.0001
19 81 0.0001
19 81 0.0001
19 112 0.0001
19 112 0.0001
19 112 0.0001
19 112 0.0001
19 113 0.0001
19 113 0.0001
19 113 0.0001
19 113 0.0001
19 104 0.0001
19 104 0.0001
19 104 0.0001
19 104 0.0001
19 105 0.0001
19 105 0.0001
19 105 0.0001
19 105 0.0001
19 48 0.0001
19 48 0.0001
19 48 0.0001
19 48 0.0001
19 49 0.0001
19 49 0.0001
19 49 0.0001
19 49 0.0001
19 52 0.0001
19 52 0.0001
19 52 0.0001
19 52 0.0001
19 53 0.0001
19 53 0.0001
19 53 0.0001
19 53 0.0001
19 56 0.0001
19 56 0.0001
19 56 0.0001
19 56 0.0001
19 57 0.0001
19 57 0.0001
19 57 0.0001
19 57 0.0001
19 60 0.0001
19 60 0.0001
19 60 0.0001
19 60 0.0001
19 61 0.0001
19 61 0.0001
19 61 0.0001
19 61 0.0001
19 64 0.0001
19 64 0.0001
19 64 0.0001
19 64 0.0001
19 65 0.0001
19 65 0.0001
19 65 0.0001
19 65 0.0001
19 68 0.0001
19 68 0.0001
19 68 0.0001
19 68 0.0001
19 69 0.0001
19 69 0.0001
19 69 0.0001
19 69 0.0001
19 72 0.0001
19 72 0.0001
19 72 0.0001
19 72 0.0001
19 73 0.0001
19 73 0.0001
19 73 0.0001
19 73 0.0001
19 76 0.0001
19 76 0.0001
19 76 0.0001
19 76 0.0001
19 77 0.0001
19 77 0.0001
19 77 0.0001
19 77 0.0001
19 80 0.0001
19 80 0.0001
19 80 0.0001
19 80 0.0001
19 81 0.0001
19 81 0.0001
19 81 0.0001
19 81 0.0001
19 84 0.0001
19 84 0.0001
19 84 0.0001
19 84 0.0001
19 85 0.0001
19 85 0.0001
19 85 0.0001
19 85 0.0001
19 88 0.0001
19 88 0.0001
19 88 0.0001
19 88 0.0001
19 89 0.0001
19 89 0.0001
19 89 0.0001
19 89 0.0001
19 92 0.0001
19 92 0.0001
19 92 0.0001
19 92 0.0001
19 93 0.0001
19 93 0.0001
19 93 0.0001
19 93 0.0001
19 96 0.0001
19 96 0.0001
19 96 0.08
19 96 0.0001
19 97 0.0001
19 97 0.08
19 97 0.0001
19 97 0.0001
19 100 0.0001
19 100 0.0001
19 100 0.0001
19 100 0.0001
19 101 0.0001
19 101 0.0001
19 101 0.08
19 101 0.0001
19 108 0.08
19 108 0.08
19 108 0.0001
19 108 0.0001
19 109 0.0001
19 109 0.08
19 109 0.0001
19 109 0.0001
19 112 0.0001
19 112 0.0001
19 112 0.0001
19 112 0.0001
19 113 0.0001
19 113 0.0001
19 113 0.0001
19 113 0.0001
19 116 0.08
19 116 0.0001
19 116 0.0001
19 116 0.0001
19 117 0.0001
19 117 0.08
19 117 0.08
19 117 0.0001
19 132 0.0001
19 132 0.0001
19 132 0.0001
19 132 0.0001
19 133 0.0001
19 133 0.0001
19 133 0.0001
19 133 0.0001
19 136 0.08
19 136 0.0001
19 136 0.0001
19 136 0.08
19 137 0.0001
19 137 0.0001
19 137 0.08
19 137 0.08
19 140 0.0001
19 140 0.08
19 140 0.08
19 140 0.08
19 141 0.08
19 141 0.0001
19 141 0.0001
19 141 0.08
20 56 0.0001
20 56 0.0001
20 56 0.0001
20 56 0.0001
20 57 0.0001
20 57 0.0001
20 57 0.0001
20 57 0.0001
20 80 0.0001
20 80 0.0001
20 80 0.0001
20 80 0.0001
20 81 0.0001
20 81 0.0001
20 81 0.0001
20 81 0.0001
20 112 0.0001
20 112 0.0001
20 112 0.0001
20 112 0.0001
20 113 0.0001
20 113 0.0001
20 113 0.0001
20 113 0.0001
20 104 0.0001
20 104 0.0001
20 104 0.0001
20 104 0.0001
20 105 0.0001
20 105 0.0001
20 105 0.0001
20 105 0.0001
20 48 0.0001
20 48 0.0001
20 48 0.0001
20 48 0.0001
20 49 0.0001
20 49 0.0001
20 49 0.0001
20 49 0.0001
20 52 0.0001
20 52 0.0001
20 52 0.0001
20 52 0.0001
20 53 0.0001
20 53 0.0001
20 53 0.0001
20 53 0.0001
20 56 0.0001
20 56 0.0001
20 56 0.0001
20 56 0.0001
20 57 0.0001
20 57 0.0001
20 57 0.0001
20 57 0.0001
20 60 0.0001
20 60 0.0001
20 60 0.0001
20 60 0.0001
20 61 0.0001
20 61 0.0001
20 61 0.0001
20 61 0.0001
20 64 0.0001
20 64 0.0001
20 64 0.0001
20 64 0.0001
20 65 0.0001
20 65 0.0001
20 65 0.0001
20 65 0.0001
20 68 0.0001
20 68 0.0001
20 68 0.0001
20 68 0.0001
20 69 0.0001
20 69 0.0001
20 69 0.0001
20 69 0.0001
20 72 0.0001
20 72 0.0001
20 72 0.0001
20 72 0.0001
20 73 0.0001
20 73 0.0001
20 73 0.0001
20 73 0.0001
20 76 0.0001
20 76 0.0001
20 76 0.0001
20 76 0.0001
20 77 0.0001
20 77 0.0001
20 77 0.0001
20 77 0.0001
20 80 0.0001
20 80 0.0001
20 80 0.0001
20 80 0.0001
20 81 0.0001
20 81 0.0001
20 81 0.0001
20 81 0.0001
20 84 0.0001
20 84 0.0001
20 84 0.0001
20 84 0.0001
20 85 0.0001
20 85 0.0001
20 85 0.0001
20 85 0.0001
20 88 0.0001
20 88 0.0001
20 88 0.0001
20 88 0.0001
20 89 0.0001
20 89 0.0001
20 89 0.0001
20 89 0.0001
20 92 0.0001
20 92 0.0001
20 92 0.0001
20 92 0.0001
20 93 0.0001
20 93 0.0001
20 93 0.0001
20 93 0.0001
20 96 0.0001
20 96 0.0001
20 96 0.0001
20 96 0.0001
20 97 0.0001
20 97 0.0001
20 97 0.0001
20 97 0.0001
20 100 0.0001
20 100 0.0001
20 100 0.0001
20 100 0.08
20 101 0.0001
20 101 0.08
20 101 0.08
20 101 0.08
20 108 0.08
20 108 0.0001
20 108 0.0001
20 108 0.0001
20 109 0.08
20 109 0.0001
20 109 0.08
20 109 0.0001
20 112 0.08
20 112 0.08
20 112 0.08
20 112 0.0001
20 113 0.0001
20 113 0.08
20 113 0.0001
20 113 0.08
20 116 0.0001
20 116 0.08
20 116 0.0001
20 116 0.0001
20 117 0.0001
20 117 0.08
20 117 0.0001
20 117 0.0001
20 132 0.08
20 132 0.08
20 132 0.0001
20 132 0.0001
20 133 0.08
20 133 0.08
20 133 0.08
20 133 0.08
20 136 0.0001
20 136 0.0001
20 136 0.0001
20 136 0.0001
20 137 0.0001
20 137 0.0001
20 137 0.08
20 137 0.0001
20 140 0.08
20 140 0.0001
20 140 0.0001
20 140 0.08
20 141 0.0001
20 141 0.08
20 141 0.0001
20 141 0.0001
21 56 0.0001
21 56 0.0001
21 56 0.0001
21 56 0.0001
21 57 0.0001
21 57 0.0001
21 57 0.0001
21 57 0.0001
21 80 0.0001
21 80 0.0001
21 80 0.0001
21 80 0.0001
21 81 0.0001
21 81 0.0001
21 81 0.0001
21 81 0.0001
21 112 0.0001
21 112 0.0001
21 112 0.0001
21 112 0.0001
21 113 0.0001
21 113 0.0001
21 113 0.0001
21 113 0.0001
21 104 0.0001
21 104 0.0001
21 104 0.0001
21 104 0.0001
21 105 0.0001
21 105 0.0001
21 105 0.0001
21 105 0.0001
21 48 0.0001
21 48 0.0001
21 48 0.0001
21 48 0.0001
21 49 0.0001
21 49 0.0001
21 49 0.0001
21 49 0.0001
21 52 0.0001
21 52 0.0001
21 52 0.0001
21 52 0.0001
21 53 0.0001
21 53 0.0001
21 53 0.0001
21 53 0.0001
21 56 0.0001
21 56 0.0001
21 56 0.0001
21 56 0.0001
21 57 0.0001
21 57 0.0001
21 57 0.0001
21 57 0.0001
21 60 0.0001
21 60 0.0001
21 60 0.0001
21 60 0.0001
21 61 0.0001
21 61 0.0001
21 61 0.0001
21 61 0.0001
21 64 0.0001
21 64 0.0001
21 64 0.0001
21 64 0.0001
21 65 0.0001
21 65 0.0001
21 65 0.0001
21 65 0.0001
21 68 0.0001
21 68 0.0001
21 68 0.0001
21 68 0.0001
21 69 0.0001
21 69 0.0001
21 69 0.0001
21 69 0.0001
21 72 0.0001
21 72 0.0001
21 72 0.0001
21 72 0.0001
21 73 0.0001
21 73 0.0001
21 73 0.0001
21 73 0.0001
21 76 0.0001
21 76 0.0001
21 76 0.0001
21 76 0.0001
21 77 0.0001
21 77 0.0001
21 77 0.0001
21 77 0.0001
21 80 0.0001
21 80 0.0001
21 80 0.0001
21 80 0.0001
21 81 0.0001
21 81 0.0001
21 81 0.0001
21 81 0.0001
21 84 0.0001
21 84 0.0001
21 84 0.0001
21 84 0.0001
21 85 0.0001
21 85 0.0001
21 85 0.0001
21 85 0.0001
21 88 0.0001
21 88 0.0001
21 88 0.0001
21 88 0.0001
21 89 0.0001
21 89 0.0001
21 89 0.0001
21 89 0.0001
21 92 0.0001
21 92 0.0001
21 92 0.0001
21 92 0.0001
21 93 0.0001
21 93 0.0001
21 93 0.0001
21 93 0.0001
21 96 0.0001
21 96 0.08
21 96 0.0001
21 96 0.0001
21 97 0.0001
21 97 0.08
21 97 0.0001
21 97 0.0001
21 100 0.0001
21 100 0.0001
21 100 0.0001
21 100 0.0001
21 101 0.0001
21 101 0.0001
21 101 0.0001
21 101 0.08
21 108 0.0001
21 108 0.0001
21 108 0.0001
21 108 0.0001
21 109 0.0001
21 109 0.0001
21 109 0.0001
21 109 0.0001
21 112 0.0001
21 112 0.0001
21 112 0.08
21 112 0.0001
21 113 0.0001
21 113 0.0001
21 113 0.0001
21 113 0.08
21 116 0.0001
21 116 0.08
21 116 0.0001
21 116 0.0001
21 117 0.0001
21 117 0.08
21 117 0.0001
21 117 0.0001
21 132 0.0001
21 132 0.0001
21 132 0.08
21 132 0.0001
21 133 0.08
21 133 0.08
21 133 0.0001
21 133 0.0001
21 136 0.0001
21 136 0.0001
21 136 0.0001
21 136 0.08
21 137 0.0001
21 137 0.0001
21 137 0.08
21 137 0.0001
21 140 0.0001
21 140 0.0001
21 140 0.0001
21 140 0.08
21 141 0.0001
21 141 0.0001
21 141 0.08
21 141 0.0001
22 56 0.0001
22 56 0.0001
22 56 0.0001
22 56 0.0001
22 57 0.0001
22 57 0.0001
22 57 0.0001
22 57 0.0001
22 80 0.0001
22 80 0.0001
22 80 0.0001
22 80 0.0001
22 81 0.0001
22 81 0.0001
22 81 0.0001
22 81 0.0001
22 112 0.0001
22 112 0.0001
22 112 0.0001
22 112 0.0001
22 113 0.0001
22 113 0.0001
22 113 0.0001
22 113 0.0001
22 104 0.0001
22 104 0.0001
22 104 0.0001
22 104 0.0001
22 105 0.0001
22 105 0.0001
22 105 0.0001
22 105 0.0001
22 48 0.0001
22 48 0.0001
22 48 0.0001
22 48 0.0001
22 49 0.0001
22 49 0.0001
22 49 0.0001
22 49 0.0001
22 52 0.0001
22 52 0.0001
22 52 0.0001
22 52 0.0001
22 53 0.0001
22 53 0.0001
22 53 0.0001
22 53 0.0001
22 56 0.0001
22 56 0.0001
22 56 0.0001
22 56 0.0001
22 57 0.0001
22 57 0.0001
22 57 0.0001
22 57 0.0001
22 60 0.0001
22 60 0.0001
22 60 0.0001
22 60 0.0001
22 61 0.0001
22 61 0.0001
22 61 0.0001
22 61 0.0001
22 64 0.0001
22 64 0.0001
22 64 0.0001
22 64 0.0001
22 65 0.0001
22 65 0.0001
22 65 0.0001
22 65 0.0001
22 68 0.0001
22 68 0.0001
22 68 0.0001
22 68 0.0001
22 69 0.0001
22 69 0.0001
22 69 0.0001
22 69 0.0001
22 72 0.0001
22 72 0.0001
22 72 0.0001
22 72 0.0001
22 73 0.0001
22 73 0.0001
22 73 0.0001
22 73 0.0001
22 76 0.0001
22 76 0.0001
22 76 0.0001
22 76 0.0001
22 77 0.0001
22 77 0.0001
22 77 0.0001
22 77 0.0001
22 80 0.0001
22 80 0.0001
22 80 0.0001
22 80 0.0001
22 81 0.0001
22 81 0.0001
22 81 0.0001
22 81 0.0001
22 84 0.0001
22 84 0.0001
22 84 0.0001
22 84 0.0001
22 85 0.0001
22 85 0.0001
22 85 0.0001
22 85 0.0001
22 88 0.0001
22 88 0.0001
22 88 0.0001
22 88 0.0001
22 89 0.0001
22 89 0.0001
22 89 0.0001
22 89 0.0001
22 92 0.0001
22 92 0.0001
22 92 0.0001
22 92 0.0001
22 93 0.0001
22 93 0.0001
22 93 0.0001
22 93 0.0001
22 96 0.0001
22 96 0.08
22 96 0.08
22 96 0.0001
22 97 0.08
22 97 0.0001
22 97 0.08
22 97 0.0001
22 100 0.08
22 100 0.0001
22 100 0.0001
22 100 0.0001
22 101 0.0001
22 101 0.08
22 101 0.0001
22 101 0.0001
22 108 0.08
22 108 0.08
22 108 0.0001
22 108 0.0001
22 109 0.0001
22 109 0.0001
22 109 0.08
22 109 0.08
22 112 0.0001
22 112 0.0001
22 112 0.0001
22 112 0.0001
22 113 0.0001
22 113 0.0001
22 113 0.08
22 113 0.0001
22 116 0.0001
22 116 0.0001
22 116 0.0001
22 116 0.0001
22 117 0.0001
22 117 0.0001
22 117 0.0001
22 117 0.0001
22 132 0.0001
22 132 0.0001
22 132 0.0001
22 132 0.0001
22 133 0.0001
22 133 0.0001
22 133 0.08
22 133 0.0001
22 136 0.0001
22 136 0.0001
22 136 0.0001
22 136 0.0001
22 137 0.0001
22 137 0.0001
22 137 0.08
22 137 0.0001
22 140 0.0001
22 140 0.08
22 140 0.08
22 140 0.08
22 141 0.0001
22 141 0.08
22 141 0.0001
22 141 0.0001
23 56 0.0001
23 56 0.0001
23 56 0.0001
23 56 0.0001
23 57 0.0001
23 57 0.0001
23 57 0.0001
23 57 0.0001
23 80 0.0001
23 80 0.0001
23 80 0.0001
23 80 0.0001
23 81 0.0001
23 81 0.0001
23 81 0.0001
23 81 0.0001
23 112 0.0001
23 112 0.0001
23 112 0.0001
23 112 0.0001
23 113 0.0001
23 113 0.0001
23 113 0.0001
23 113 0.0001
23 104 0.0001
23 104 0.0001
23 104 0.0001
23 104 0.0001
23 105 0.0001
23 105 0.0001
23 105 0.0001
23 105 0.0001
23 48 0.0001
23 48 0.0001
23 48 0.0001
23 48 0.0001
23 49 0.0001
23 49 0.0001
23 49 0.0001
23 49 0.0001
23 52 0.0001
23 52 0.0001
23 52 0.0001
23 52 0.0001
23 53 0.0001
23 53 0.0001
23 53 0.0001
23 53 0.0001
23 56 0.0001
23 56 0.0001
23 56 0.0001
23 56 0.0001
23 57 0.0001
23 57 0.0001
23 57 0.0001
23 57 0.0001
23 60 0.0001
23 60 0.0001
23 60 0.0001
23 60 0.0001
23 61 0.0001
23 61 0.0001
23 61 0.0001
23 61 0.0001
23 64 0.0001
23 64 0.0001
23 64 0.0001
23 64 0.0001
23 65 0.0001
23 65 0.0001
23 65 0.0001
23 65 0.0001
23 68 0.0001
23 68 0.0001
23 68 0.0001
23 68 0.0001
23 69 0.0001
23 69 0.0001
23 69 0.0001
23 69 0.0001
23 72 0.0001
23 72 0.0001
23 72 0.0001
23 72 0.0001
23 73 0.0001
23 73 0.0001
23 73 0.0001
23 73 0.0001
23 76 0.0001
23 76 0.0001
23 76 0.0001
23 76 0.0001
23 77 0.0001
23 77 0.0001
23 77 0.0001
23 77 0.0001
23 80 0.0001
23 80 0.0001
23 80 0.0001
23 80 0.0001
23 81 0.0001
23 81 0.0001
23 81 0.0001
23 81 0.0001
23 84 0.0001
23 84 0.0001
23 84 0.0001
23 84 0.0001
23 85 0.0001
23 85 0.0001
23 85 0.0001
23 85 0.0001
23 88 0.0001
23 88 0.0001
23 88 0.0001
23 88 0.0001
23 89 0.0001
23 89 0.0001
23 89 0.0001
23 89 0.0001
23 92 0.0001
23 92 0.0001
23 92 0.0001
23 92 0.0001
23 93 0.0001
23 93 0.0001
23 93 0.0001
23 93 0.0001
23 96 0.0001
23 96 0.08
23 96 0.08
23 96 0.0001
23 97 0.0001
23 97 0.0001
23 97 0.0001
23 97 0.0001
23 100 0.0001
23 100 0.0001
23 100 0.0001
23 100 0.0001
23 101 0.0001
23 101 0.08
23 101 0.08
23 101 0.08
23 108 0.0001
23 108 0.0001
23 108 0.0001
23 108 0.08
23 109 0.0001
23 109 0.0001
23 109 0.0001
23 109 0.0001
23 112 0.0001
23 112 0.08
23 112 0.0001
23 112 0.0001
23 113 0.0001
23 113 0.0001
23 113 0.0001
23 113 0.08
23 116 0.0001
23 116 0.0001
23 116 0.08
23 116 0.08
23 117 0.0001
23 117 0.0001
23 117 0.0001
23 117 0.0001
23 132 0.0001
23 132 0.0001
23 132 0.08
23 132 0.0001
23 133 0.0001
23 133 0.0001
23 133 0.0001
23 133 0.0001
23 136 0.0001
23 136 0.0001
23 136 0.0001
23 136 0.0001
23 137 0.0001
23 137 0.08
23 137 0.0001
23 137 0.0001
23 140 0.0001
23 140 0.0001
23 140 0.0001
23 140 0.0001
23 141 0.0001
23 141 0.0001
23 141 0.08
23 141 0.0001
