0 36 0.25
0 36 0.25
0 36 0.25
0 36 0.25
0 37 0.25
0 37 0.25
0 37 0.25
0 37 0.25
0 40 0.25
0 40 0.25
0 40 0.25
0 40 0.25
0 41 0.25
0 41 0.25
0 41 0.25
0 41 0.25
0 44 0.25
0 44 0.25
0 44 0.25
0 44 0.25
0 45 0.25
0 45 0.25
0 45 0.25
0 45 0.25
0 48 0.25
0 48 0.25
0 48 0.25
0 48 0.25
0 49 0.25
0 49 0.25
0 49 0.25
0 49 0.25
0 52 0.25
0 52 0.25
0 52 0.25
0 52 0.25
0 53 0.25
0 53 0.25
0 53 0.25
0 53 0.25
0 56 0.25
0 56 0.25
0 56 0.25
0 56 0.25
0 57 0.25
0 57 0.25
0 57 0.25
0 57 0.25
0 60 0.0001
0 60 0.0001
0 60 0.0001
0 60 0.0001
0 61 0.0001
0 61 0.0001
0 61 0.0001
0 61 0.0001
0 72 0.0001
0 72 0.0001
0 72 0.0001
0 72 0.0001
0 73 0.0001
0 73 0.0001
0 73 0.0001
0 73 0.0001
0 88 0.0001
0 88 0.0001
0 88 0.0001
0 88 0.0001
0 89 0.0001
0 89 0.0001
0 89 0.0001
0 89 0.0001
0 92 0.0001
0 92 0.0001
0 92 0.0001
0 92 0.0001
0 93 0.0001
0 93 0.0001
0 93 0.0001
0 93 0.0001
0 68 0.0001
0 68 0.0001
0 68 0.0001
0 68 0.0001
0 69 0.0001
0 69 0.0001
0 69 0.0001
0 69 0.0001
0 76 0.0001
0 76 0.0001
0 76 0.0001
0 76 0.0001
0 77 0.0001
0 77 0.0001
0 77 0.0001
0 77 0.0001
0 80 0.0001
0 80 0.0001
0 80 0.0001
0 80 0.0001
0 81 0.0001
0 81 0.0001
0 81 0.0001
0 81 0.0001
0 84 0.0001
0 84 0.0001
0 84 0.0001
0 84 0.0001
0 85 0.0001
0 85 0.0001
0 85 0.0001
0 85 0.0001
0 64 0.0001
0 64 0.0001
0 64 0.0001
0 64 0.0001
0 65 0.0001
0 65 0.0001
0 65 0.0001
0 65 0.0001
0 96 0.0001
0 96 0.0001
0 96 0.0001
0 96 0.0001
0 97 0.0001
0 97 0.0001
0 97 0.0001
0 97 0.0001
0 100 0.0001
0 100 0.0001
0 100 0.0001
0 100 0.0001
0 101 0.0001
0 101 0.0001
0 101 0.0001
0 101 0.0001
0 104 0.0001
0 104 0.0001
0 104 0.0001
0 104 0.0001
0 105 0.0001
0 105 0.0001
0 105 0.0001
0 105 0.0001
1 36 0.25
1 36 0.25
1 36 0.25
1 36 0.25
1 37 0.25
1 37 0.25
1 37 0.25
1 37 0.25
1 40 0.25
1 40 0.25
1 40 0.25
1 40 0.25
1 41 0.25
1 41 0.25
1 41 0.25
1 41 0.25
1 44 0.25
1 44 0.25
1 44 0.25
1 44 0.25
1 45 0.25
1 45 0.25
1 45 0.25
1 45 0.25
1 48 0.25
1 48 0.25
1 48 0.25
1 48 0.25
1 49 0.25
1 49 0.25
1 49 0.25
1 49 0.25
1 52 0.25
1 52 0.25
1 52 0.25
1 52 0.25
1 53 0.25
1 53 0.25
1 53 0.25
1 53 0.25
1 56 0.25
1 56 0.25
1 56 0.25
1 56 0.25
1 57 0.25
1 57 0.25
1 57 0.25
1 57 0.25
1 60 0.0001
1 60 0.0001
1 60 0.0001
1 60 0.0001
1 61 0.0001
1 61 0.0001
1 61 0.0001
1 61 0.0001
1 72 0.0001
1 72 0.0001
1 72 0.0001
1 72 0.0001
1 73 0.0001
1 73 0.0001
1 73 0.0001
1 73 0.0001
1 88 0.0001
1 88 0.0001
1 88 0.0001
1 88 0.0001
1 89 0.0001
1 89 0.0001
1 89 0.0001
1 89 0.0001
1 92 0.0001
1 92 0.0001
1 92 0.0001
1 92 0.0001
1 93 0.0001
1 93 0.0001
1 93 0.0001
1 93 0.0001
1 68 0.0001
1 68 0.0001
1 68 0.0001
1 68 0.0001
1 69 0.0001
1 69 0.0001
1 69 0.0001
1 69 0.0001
1 76 0.0001
1 76 0.0001
1 76 0.0001
1 76 0.0001
1 77 0.0001
1 77 0.0001
1 77 0.0001
1 77 0.0001
1 80 0.0001
1 80 0.0001
1 80 0.0001
1 80 0.0001
1 81 0.0001
1 81 0.0001
1 81 0.0001
1 81 0.0001
1 84 0.0001
1 84 0.0001
1 84 0.0001
1 84 0.0001
1 85 0.0001
1 85 0.0001
1 85 0.0001
1 85 0.0001
1 64 0.0001
1 64 0.0001
1 64 0.0001
1 64 0.0001
1 65 0.0001
1 65 0.0001
1 65 0.0001
1 65 0.0001
1 96 0.0001
1 96 0.0001
1 96 0.0001
1 96 0.0001
1 97 0.0001
1 97 0.0001
1 97 0.0001
1 97 0.0001
1 100 0.0001
1 100 0.0001
1 100 0.0001
1 100 0.0001
1 101 0.0001
1 101 0.0001
1 101 0.0001
1 101 0.0001
1 104 0.0001
1 104 0.0001
1 104 0.0001
1 104 0.0001
1 105 0.0001
1 105 0.0001
1 105 0.0001
1 105 0.0001
2 36 0.25
2 36 0.25
2 36 0.25
2 36 0.25
2 37 0.25
2 37 0.25
2 37 0.25
2 37 0.25
2 40 0.25
2 40 0.25
2 40 0.25
2 40 0.25
2 41 0.25
2 41 0.25
2 41 0.25
2 41 0.25
2 44 0.25
2 44 0.25
2 44 0.25
2 44 0.25
2 45 0.25
2 45 0.25
2 45 0.25
2 45 0.25
2 48 0.25
2 48 0.25
2 48 0.25
2 48 0.25
2 49 0.25
2 49 0.25
2 49 0.25
2 49 0.25
2 52 0.25
2 52 0.25
2 52 0.25
2 52 0.25
2 53 0.25
2 53 0.25
2 53 0.25
2 53 0.25
2 56 0.25
2 56 0.25
2 56 0.25
2 56 0.25
2 57 0.25
2 57 0.25
2 57 0.25
2 57 0.25
2 60 0.0001
2 60 0.0001
2 60 0.0001
2 60 0.0001
2 61 0.0001
2 61 0.0001
2 61 0.0001
2 61 0.0001
2 72 0.0001
2 72 0.0001
2 72 0.0001
2 72 0.0001
2 73 0.0001
2 73 0.0001
2 73 0.0001
2 73 0.0001
2 88 0.0001
2 88 0.0001
2 88 0.0001
2 88 0.0001
2 89 0.0001
2 89 0.0001
2 89 0.0001
2 89 0.0001
2 92 0.0001
2 92 0.0001
2 92 0.0001
2 92 0.0001
2 93 0.0001
2 93 0.0001
2 93 0.0001
2 93 0.0001
2 68 0.0001
2 68 0.0001
2 68 0.0001
2 68 0.0001
2 69 0.0001
2 69 0.0001
2 69 0.0001
2 69 0.0001
2 76 0.0001
2 76 0.0001
2 76 0.0001
2 76 0.0001
2 77 0.0001
2 77 0.0001
2 77 0.0001
2 77 0.0001
2 80 0.0001
2 80 0.0001
2 80 0.0001
2 80 0.0001
2 81 0.0001
2 81 0.0001
2 81 0.0001
2 81 0.0001
2 84 0.0001
2 84 0.0001
2 84 0.0001
2 84 0.0001
2 85 0.0001
2 85 0.0001
2 85 0.0001
2 85 0.0001
2 64 0.0001
2 64 0.0001
2 64 0.0001
2 64 0.0001
2 65 0.0001
2 65 0.0001
2 65 0.0001
2 65 0.0001
2 96 0.0001
2 96 0.0001
2 96 0.0001
2 96 0.0001
2 97 0.0001
2 97 0.0001
2 97 0.0001
2 97 0.0001
2 100 0.0001
2 100 0.0001
2 100 0.0001
2 100 0.0001
2 101 0.0001
2 101 0.0001
2 101 0.0001
2 101 0.0001
2 104 0.0001
2 104 0.0001
2 104 0.0001
2 104 0.0001
2 105 0.0001
2 105 0.0001
2 105 0.0001
2 105 0.0001
3 36 0.25
3 36 0.25
3 36 0.25
3 36 0.25
3 37 0.25
3 37 0.25
3 37 0.25
3 37 0.25
3 40 0.25
3 40 0.25
3 40 0.25
3 40 0.25
3 41 0.25
3 41 0.25
3 41 0.25
3 41 0.25
3 44 0.25
3 44 0.25
3 44 0.25
3 44 0.25
3 45 0.25
3 45 0.25
3 45 0.25
3 45 0.25
3 48 0.25
3 48 0.25
3 48 0.25
3 48 0.25
3 49 0.25
3 49 0.25
3 49 0.25
3 49 0.25
3 52 0.25
3 52 0.25
3 52 0.25
3 52 0.25
3 53 0.25
3 53 0.25
3 53 0.25
3 53 0.25
3 56 0.25
3 56 0.25
3 56 0.25
3 56 0.25
3 57 0.25
3 57 0.25
3 57 0.25
3 57 0.25
3 60 0.0001
3 60 0.0001
3 60 0.0001
3 60 0.0001
3 61 0.0001
3 61 0.0001
3 61 0.0001
3 61 0.0001
3 72 0.0001
3 72 0.0001
3 72 0.0001
3 72 0.0001
3 73 0.0001
3 73 0.0001
3 73 0.0001
3 73 0.0001
3 88 0.0001
3 88 0.0001
3 88 0.0001
3 88 0.0001
3 89 0.0001
3 89 0.0001
3 89 0.0001
3 89 0.0001
3 92 0.0001
3 92 0.0001
3 92 0.0001
3 92 0.0001
3 93 0.0001
3 93 0.0001
3 93 0.0001
3 93 0.0001
3 68 0.0001
3 68 0.0001
3 68 0.0001
3 68 0.0001
3 69 0.0001
3 69 0.0001
3 69 0.0001
3 69 0.0001
3 76 0.0001
3 76 0.0001
3 76 0.0001
3 76 0.0001
3 77 0.0001
3 77 0.0001
3 77 0.0001
3 77 0.0001
3 80 0.0001
3 80 0.0001
3 80 0.0001
3 80 0.0001
3 81 0.0001
3 81 0.0001
3 81 0.0001
3 81 0.0001
3 84 0.0001
3 84 0.0001
3 84 0.0001
3 84 0.0001
3 85 0.0001
3 85 0.0001
3 85 0.0001
3 85 0.0001
3 64 0.0001
3 64 0.0001
3 64 0.0001
3 64 0.0001
3 65 0.0001
3 65 0.0001
3 65 0.0001
3 65 0.0001
3 96 0.0001
3 96 0.0001
3 96 0.0001
3 96 0.0001
3 97 0.0001
3 97 0.0001
3 97 0.0001
3 97 0.0001
3 100 0.0001
3 100 0.0001
3 100 0.0001
3 100 0.0001
3 101 0.0001
3 101 0.0001
3 101 0.0001
3 101 0.0001
3 104 0.0001
3 104 0.0001
3 104 0.0001
3 104 0.0001
3 105 0.0001
3 105 0.0001
3 105 0.0001
3 105 0.0001
4 36 0.25
4 36 0.25
4 36 0.25
4 36 0.25
4 37 0.25
4 37 0.25
4 37 0.25
4 37 0.25
4 40 0.25
4 40 0.25
4 40 0.25
4 40 0.25
4 41 0.25
4 41 0.25
4 41 0.25
4 41 0.25
4 44 0.25
4 44 0.25
4 44 0.25
4 44 0.25
4 45 0.25
4 45 0.25
4 45 0.25
4 45 0.25
4 48 0.25
4 48 0.25
4 48 0.25
4 48 0.25
4 49 0.25
4 49 0.25
4 49 0.25
4 49 0.25
4 52 0.25
4 52 0.25
4 52 0.25
4 52 0.25
4 53 0.25
4 53 0.25
4 53 0.25
4 53 0.25
4 56 0.25
4 56 0.25
4 56 0.25
4 56 0.25
4 57 0.25
4 57 0.25
4 57 0.25
4 57 0.25
4 60 0.0001
4 60 0.0001
4 60 0.0001
4 60 0.0001
4 61 0.0001
4 61 0.0001
4 61 0.0001
4 61 0.0001
4 72 0.0001
4 72 0.0001
4 72 0.0001
4 72 0.0001
4 73 0.0001
4 73 0.0001
4 73 0.0001
4 73 0.0001
4 88 0.0001
4 88 0.0001
4 88 0.0001
4 88 0.0001
4 89 0.0001
4 89 0.0001
4 89 0.0001
4 89 0.0001
4 92 0.0001
4 92 0.0001
4 92 0.0001
4 92 0.0001
4 93 0.0001
4 93 0.0001
4 93 0.0001
4 93 0.0001
4 68 0.0001
4 68 0.0001
4 68 0.0001
4 68 0.0001
4 69 0.0001
4 69 0.0001
4 69 0.0001
4 69 0.0001
4 76 0.0001
4 76 0.0001
4 76 0.0001
4 76 0.0001
4 77 0.0001
4 77 0.0001
4 77 0.0001
4 77 0.0001
4 80 0.0001
4 80 0.0001
4 80 0.0001
4 80 0.0001
4 81 0.0001
4 81 0.0001
4 81 0.0001
4 81 0.0001
4 84 0.0001
4 84 0.0001
4 84 0.0001
4 84 0.0001
4 85 0.0001
4 85 0.0001
4 85 0.0001
4 85 0.0001
4 64 0.0001
4 64 0.0001
4 64 0.0001
4 64 0.0001
4 65 0.0001
4 65 0.0001
4 65 0.0001
4 65 0.0001
4 96 0.0001
4 96 0.0001
4 96 0.0001
4 96 0.0001
4 97 0.0001
4 97 0.0001
4 97 0.0001
4 97 0.0001
4 100 0.0001
4 100 0.0001
4 100 0.0001
4 100 0.0001
4 101 0.0001
4 101 0.0001
4 101 0.0001
4 101 0.0001
4 104 0.0001
4 104 0.0001
4 104 0.0001
4 104 0.0001
4 105 0.0001
4 105 0.0001
4 105 0.0001
4 105 0.0001
5 36 0.25
5 36 0.25
5 36 0.25
5 36 0.25
5 37 0.25
5 37 0.25
5 37 0.25
5 37 0.25
5 40 0.25
5 40 0.25
5 40 0.25
5 40 0.25
5 41 0.25
5 41 0.25
5 41 0.25
5 41 0.25
5 44 0.25
5 44 0.25
5 44 0.25
5 44 0.25
5 45 0.25
5 45 0.25
5 45 0.25
5 45 0.25
5 48 0.25
5 48 0.25
5 48 0.25
5 48 0.25
5 49 0.25
5 49 0.25
5 49 0.25
5 49 0.25
5 52 0.25
5 52 0.25
5 52 0.25
5 52 0.25
5 53 0.25
5 53 0.25
5 53 0.25
5 53 0.25
5 56 0.25
5 56 0.25
5 56 0.25
5 56 0.25
5 57 0.25
5 57 0.25
5 57 0.25
5 57 0.25
5 60 0.0001
5 60 0.0001
5 60 0.0001
5 60 0.0001
5 61 0.0001
5 61 0.0001
5 61 0.0001
5 61 0.0001
5 72 0.0001
5 72 0.0001
5 72 0.0001
5 72 0.0001
5 73 0.0001
5 73 0.0001
5 73 0.0001
5 73 0.0001
5 88 0.0001
5 88 0.0001
5 88 0.0001
5 88 0.0001
5 89 0.0001
5 89 0.0001
5 89 0.0001
5 89 0.0001
5 92 0.0001
5 92 0.0001
5 92 0.0001
5 92 0.0001
5 93 0.0001
5 93 0.0001
5 93 0.0001
5 93 0.0001
5 68 0.0001
5 68 0.0001
5 68 0.0001
5 68 0.0001
5 69 0.0001
5 69 0.0001
5 69 0.0001
5 69 0.0001
5 76 0.0001
5 76 0.0001
5 76 0.0001
5 76 0.0001
5 77 0.0001
5 77 0.0001
5 77 0.0001
5 77 0.0001
5 80 0.0001
5 80 0.0001
5 80 0.0001
5 80 0.0001
5 81 0.0001
5 81 0.0001
5 81 0.0001
5 81 0.0001
5 84 0.0001
5 84 0.0001
5 84 0.0001
5 84 0.0001
5 85 0.0001
5 85 0.0001
5 85 0.0001
5 85 0.0001
5 64 0.0001
5 64 0.0001
5 64 0.0001
5 64 0.0001
5 65 0.0001
5 65 0.0001
5 65 0.0001
5 65 0.0001
5 96 0.0001
5 96 0.0001
5 96 0.0001
5 96 0.0001
5 97 0.0001
5 97 0.0001
5 97 0.0001
5 97 0.0001
5 100 0.0001
5 100 0.0001
5 100 0.0001
5 100 0.0001
5 101 0.0001
5 101 0.0001
5 101 0.0001
5 101 0.0001
5 104 0.0001
5 104 0.0001
5 104 0.0001
5 104 0.0001
5 105 0.0001
5 105 0.0001
5 105 0.0001
5 105 0.0001
6 36 0.0001
6 36 0.0001
6 36 0.0001
6 36 0.0001
6 37 0.0001
6 37 0.0001
6 37 0.0001
6 37 0.0001
6 40 0.0001
6 40 0.0001
6 40 0.0001
6 40 0.0001
6 41 0.0001
6 41 0.0001
6 41 0.0001
6 41 0.0001
6 44 0.0001
6 44 0.0001
6 44 0.0001
6 44 0.0001
6 45 0.0001
6 45 0.0001
6 45 0.0001
6 45 0.0001
6 48 0.0001
6 48 0.0001
6 48 0.0001
6 48 0.0001
6 49 0.0001
6 49 0.0001
6 49 0.0001
6 49 0.0001
6 52 0.0001
6 52 0.0001
6 52 0.0001
6 52 0.0001
6 53 0.0001
6 53 0.0001
6 53 0.0001
6 53 0.0001
6 56 0.0001
6 56 0.0001
6 56 0.0001
6 56 0.0001
6 57 0.0001
6 57 0.0001
6 57 0.0001
6 57 0.0001
6 60 0.25
6 60 0.25
6 60 0.25
6 60 0.25
6 61 0.25
6 61 0.25
6 61 0.25
6 61 0.25
6 72 0.25
6 72 0.25
6 72 0.25
6 72 0.25
6 73 0.25
6 73 0.25
6 73 0.25
6 73 0.25
6 88 0.25
6 88 0.25
6 88 0.25
6 88 0.25
6 89 0.25
6 89 0.25
6 89 0.25
6 89 0.25
6 92 0.25
6 92 0.25
6 92 0.25
6 92 0.25
6 93 0.25
6 93 0.25
6 93 0.25
6 93 0.25
6 68 0.0001
6 68 0.0001
6 68 0.0001
6 68 0.0001
6 69 0.0001
6 69 0.0001
6 69 0.0001
6 69 0.0001
6 76 0.0001
6 76 0.0001
6 76 0.0001
6 76 0.0001
6 77 0.0001
6 77 0.0001
6 77 0.0001
6 77 0.0001
6 80 0.0001
6 80 0.0001
6 80 0.0001
6 80 0.0001
6 81 0.0001
6 81 0.0001
6 81 0.0001
6 81 0.0001
6 84 0.0001
6 84 0.0001
6 84 0.0001
6 84 0.0001
6 85 0.0001
6 85 0.0001
6 85 0.0001
6 85 0.0001
6 64 0.0001
6 64 0.0001
6 64 0.0001
6 64 0.0001
6 65 0.0001
6 65 0.0001
6 65 0.0001
6 65 0.0001
6 96 0.0001
6 96 0.0001
6 96 0.0001
6 96 0.0001
6 97 0.0001
6 97 0.0001
6 97 0.0001
6 97 0.0001
6 100 0.0001
6 100 0.0001
6 100 0.0001
6 100 0.0001
6 101 0.0001
6 101 0.0001
6 101 0.0001
6 101 0.0001
6 104 0.0001
6 104 0.0001
6 104 0.0001
6 104 0.0001
6 105 0.0001
6 105 0.0001
6 105 0.0001
6 105 0.0001
7 36 0.0001
7 36 0.0001
7 36 0.0001
7 36 0.0001
7 37 0.0001
7 37 0.0001
7 37 0.0001
7 37 0.0001
7 40 0.0001
7 40 0.0001
7 40 0.0001
7 40 0.0001
7 41 0.0001
7 41 0.0001
7 41 0.0001
7 41 0.0001
7 44 0.0001
7 44 0.0001
7 44 0.0001
7 44 0.0001
7 45 0.0001
7 45 0.0001
7 45 0.0001
7 45 0.0001
7 48 0.0001
7 48 0.0001
7 48 0.0001
7 48 0.0001
7 49 0.0001
7 49 0.0001
7 49 0.0001
7 49 0.0001
7 52 0.0001
7 52 0.0001
7 52 0.0001
7 52 0.0001
7 53 0.0001
7 53 0.0001
7 53 0.0001
7 53 0.0001
7 56 0.0001
7 56 0.0001
7 56 0.0001
7 56 0.0001
7 57 0.0001
7 57 0.0001
7 57 0.0001
7 57 0.0001
7 60 0.25
7 60 0.25
7 60 0.25
7 60 0.25
7 61 0.25
7 61 0.25
7 61 0.25
7 61 0.25
7 72 0.25
7 72 0.25
7 72 0.25
7 72 0.25
7 73 0.25
7 73 0.25
7 73 0.25
7 73 0.25
7 88 0.25
7 88 0.25
7 88 0.25
7 88 0.25
7 89 0.25
7 89 0.25
7 89 0.25
7 89 0.25
7 92 0.25
7 92 0.25
7 92 0.25
7 92 0.25
7 93 0.25
7 93 0.25
7 93 0.25
7 93 0.25
7 68 0.0001
7 68 0.0001
7 68 0.0001
7 68 0.0001
7 69 0.0001
7 69 0.0001
7 69 0.0001
7 69 0.0001
7 76 0.0001
7 76 0.0001
7 76 0.0001
7 76 0.0001
7 77 0.0001
7 77 0.0001
7 77 0.0001
7 77 0.0001
7 80 0.0001
7 80 0.0001
7 80 0.0001
7 80 0.0001
7 81 0.0001
7 81 0.0001
7 81 0.0001
7 81 0.0001
7 84 0.0001
7 84 0.0001
7 84 0.0001
7 84 0.0001
7 85 0.0001
7 85 0.0001
7 85 0.0001
7 85 0.0001
7 64 0.0001
7 64 0.0001
7 64 0.0001
7 64 0.0001
7 65 0.0001
7 65 0.0001
7 65 0.0001
7 65 0.0001
7 96 0.0001
7 96 0.0001
7 96 0.0001
7 96 0.0001
7 97 0.0001
7 97 0.0001
7 97 0.0001
7 97 0.0001
7 100 0.0001
7 100 0.0001
7 100 0.0001
7 100 0.0001
7 101 0.0001
7 101 0.0001
7 101 0.0001
7 101 0.0001
7 104 0.0001
7 104 0.0001
7 104 0.0001
7 104 0.0001
7 105 0.0001
7 105 0.0001
7 105 0.0001
7 105 0.0001
8 36 0.0001
8 36 0.0001
8 36 0.0001
8 36 0.0001
8 37 0.0001
8 37 0.0001
8 37 0.0001
8 37 0.0001
8 40 0.0001
8 40 0.0001
8 40 0.0001
8 40 0.0001
8 41 0.0001
8 41 0.0001
8 41 0.0001
8 41 0.0001
8 44 0.0001
8 44 0.0001
8 44 0.0001
8 44 0.0001
8 45 0.0001
8 45 0.0001
8 45 0.0001
8 45 0.0001
8 48 0.0001
8 48 0.0001
8 48 0.0001
8 48 0.0001
8 49 0.0001
8 49 0.0001
8 49 0.0001
8 49 0.0001
8 52 0.0001
8 52 0.0001
8 52 0.0001
8 52 0.0001
8 53 0.0001
8 53 0.0001
8 53 0.0001
8 53 0.0001
8 56 0.0001
8 56 0.0001
8 56 0.0001
8 56 0.0001
8 57 0.0001
8 57 0.0001
8 57 0.0001
8 57 0.0001
8 60 0.25
8 60 0.25
8 60 0.25
8 60 0.25
8 61 0.25
8 61 0.25
8 61 0.25
8 61 0.25
8 72 0.25
8 72 0.25
8 72 0.25
8 72 0.25
8 73 0.25
8 73 0.25
8 73 0.25
8 73 0.25
8 88 0.25
8 88 0.25
8 88 0.25
8 88 0.25
8 89 0.25
8 89 0.25
8 89 0.25
8 89 0.25
8 92 0.25
8 92 0.25
8 92 0.25
8 92 0.25
8 93 0.25
8 93 0.25
8 93 0.25
8 93 0.25
8 68 0.0001
8 68 0.0001
8 68 0.0001
8 68 0.0001
8 69 0.0001
8 69 0.0001
8 69 0.0001
8 69 0.0001
8 76 0.0001
8 76 0.0001
8 76 0.0001
8 76 0.0001
8 77 0.0001
8 77 0.0001
8 77 0.0001
8 77 0.0001
8 80 0.0001
8 80 0.0001
8 80 0.0001
8 80 0.0001
8 81 0.0001
8 81 0.0001
8 81 0.0001
8 81 0.0001
8 84 0.0001
8 84 0.0001
8 84 0.0001
8 84 0.0001
8 85 0.0001
8 85 0.0001
8 85 0.0001
8 85 0.0001
8 64 0.0001
8 64 0.0001
8 64 0.0001
8 64 0.0001
8 65 0.0001
8 65 0.0001
8 65 0.0001
8 65 0.0001
8 96 0.0001
8 96 0.0001
8 96 0.0001
8 96 0.0001
8 97 0.0001
8 97 0.0001
8 97 0.0001
8 97 0.0001
8 100 0.0001
8 100 0.0001
8 100 0.0001
8 100 0.0001
8 101 0.0001
8 101 0.0001
8 101 0.0001
8 101 0.0001
8 104 0.0001
8 104 0.0001
8 104 0.0001
8 104 0.0001
8 105 0.0001
8 105 0.0001
8 105 0.0001
8 105 0.0001
9 36 0.0001
9 36 0.0001
9 36 0.0001
9 36 0.0001
9 37 0.0001
9 37 0.0001
9 37 0.0001
9 37 0.0001
9 40 0.0001
9 40 0.0001
9 40 0.0001
9 40 0.0001
9 41 0.0001
9 41 0.0001
9 41 0.0001
9 41 0.0001
9 44 0.0001
9 44 0.0001
9 44 0.0001
9 44 0.0001
9 45 0.0001
9 45 0.0001
9 45 0.0001
9 45 0.0001
9 48 0.0001
9 48 0.0001
9 48 0.0001
9 48 0.0001
9 49 0.0001
9 49 0.0001
9 49 0.0001
9 49 0.0001
9 52 0.0001
9 52 0.0001
9 52 0.0001
9 52 0.0001
9 53 0.0001
9 53 0.0001
9 53 0.0001
9 53 0.0001
9 56 0.0001
9 56 0.0001
9 56 0.0001
9 56 0.0001
9 57 0.0001
9 57 0.0001
9 57 0.0001
9 57 0.0001
9 60 0.25
9 60 0.25
9 60 0.25
9 60 0.25
9 61 0.25
9 61 0.25
9 61 0.25
9 61 0.25
9 72 0.25
9 72 0.25
9 72 0.25
9 72 0.25
9 73 0.25
9 73 0.25
9 73 0.25
9 73 0.25
9 88 0.25
9 88 0.25
9 88 0.25
9 88 0.25
9 89 0.25
9 89 0.25
9 89 0.25
9 89 0.25
9 92 0.25
9 92 0.25
9 92 0.25
9 92 0.25
9 93 0.25
9 93 0.25
9 93 0.25
9 93 0.25
9 68 0.0001
9 68 0.0001
9 68 0.0001
9 68 0.0001
9 69 0.0001
9 69 0.0001
9 69 0.0001
9 69 0.0001
9 76 0.0001
9 76 0.0001
9 76 0.0001
9 76 0.0001
9 77 0.0001
9 77 0.0001
9 77 0.0001
9 77 0.0001
9 80 0.0001
9 80 0.0001
9 80 0.0001
9 80 0.0001
9 81 0.0001
9 81 0.0001
9 81 0.0001
9 81 0.0001
9 84 0.0001
9 84 0.0001
9 84 0.0001
9 84 0.0001
9 85 0.0001
9 85 0.0001
9 85 0.0001
9 85 0.0001
9 64 0.0001
9 64 0.0001
9 64 0.0001
9 64 0.0001
9 65 0.0001
9 65 0.0001
9 65 0.0001
9 65 0.0001
9 96 0.0001
9 96 0.0001
9 96 0.0001
9 96 0.0001
9 97 0.0001
9 97 0.0001
9 97 0.0001
9 97 0.0001
9 100 0.0001
9 100 0.0001
9 100 0.0001
9 100 0.0001
9 101 0.0001
9 101 0.0001
9 101 0.0001
9 101 0.0001
9 104 0.0001
9 104 0.0001
9 104 0.0001
9 104 0.0001
9 105 0.0001
9 105 0.0001
9 105 0.0001
9 105 0.0001
10 36 0.0001
10 36 0.0001
10 36 0.0001
10 36 0.0001
10 37 0.0001
10 37 0.0001
10 37 0.0001
10 37 0.0001
10 40 0.0001
10 40 0.0001
10 40 0.0001
10 40 0.0001
10 41 0.0001
10 41 0.0001
10 41 0.0001
10 41 0.0001
10 44 0.0001
10 44 0.0001
10 44 0.0001
10 44 0.0001
10 45 0.0001
10 45 0.0001
10 45 0.0001
10 45 0.0001
10 48 0.0001
10 48 0.0001
10 48 0.0001
10 48 0.0001
10 49 0.0001
10 49 0.0001
10 49 0.0001
10 49 0.0001
10 52 0.0001
10 52 0.0001
10 52 0.0001
10 52 0.0001
10 53 0.0001
10 53 0.0001
10 53 0.0001
10 53 0.0001
10 56 0.0001
10 56 0.0001
10 56 0.0001
10 56 0.0001
10 57 0.0001
10 57 0.0001
10 57 0.0001
10 57 0.0001
10 60 0.25
10 60 0.25
10 60 0.25
10 60 0.25
10 61 0.25
10 61 0.25
10 61 0.25
10 61 0.25
10 72 0.25
10 72 0.25
10 72 0.25
10 72 0.25
10 73 0.25
10 73 0.25
10 73 0.25
10 73 0.25
10 88 0.25
10 88 0.25
10 88 0.25
10 88 0.25
10 89 0.25
10 89 0.25
10 89 0.25
10 89 0.25
10 92 0.25
10 92 0.25
10 92 0.25
10 92 0.25
10 93 0.25
10 93 0.25
10 93 0.25
10 93 0.25
10 68 0.0001
10 68 0.0001
10 68 0.0001
10 68 0.0001
10 69 0.0001
10 69 0.0001
10 69 0.0001
10 69 0.0001
10 76 0.0001
10 76 0.0001
10 76 0.0001
10 76 0.0001
10 77 0.0001
10 77 0.0001
10 77 0.0001
10 77 0.0001
10 80 0.0001
10 80 0.0001
10 80 0.0001
10 80 0.0001
10 81 0.0001
10 81 0.0001
10 81 0.0001
10 81 0.0001
10 84 0.0001
10 84 0.0001
10 84 0.0001
10 84 0.0001
10 85 0.0001
10 85 0.0001
10 85 0.0001
10 85 0.0001
10 64 0.0001
10 64 0.0001
10 64 0.0001
10 64 0.0001
10 65 0.0001
10 65 0.0001
10 65 0.0001
10 65 0.0001
10 96 0.0001
10 96 0.0001
10 96 0.0001
10 96 0.0001
10 97 0.0001
10 97 0.0001
10 97 0.0001
10 97 0.0001
10 100 0.0001
10 100 0.0001
10 100 0.0001
10 100 0.0001
10 101 0.0001
10 101 0.0001
10 101 0.0001
10 101 0.0001
10 104 0.0001
10 104 0.0001
10 104 0.0001
10 104 0.0001
10 105 0.0001
10 105 0.0001
10 105 0.0001
10 105 0.0001
11 36 0.0001
11 36 0.0001
11 36 0.0001
11 36 0.0001
11 37 0.0001
11 37 0.0001
11 37 0.0001
11 37 0.0001
11 40 0.0001
11 40 0.0001
11 40 0.0001
11 40 0.0001
11 41 0.0001
11 41 0.0001
11 41 0.0001
11 41 0.0001
11 44 0.0001
11 44 0.0001
11 44 0.0001
11 44 0.0001
11 45 0.0001
11 45 0.0001
11 45 0.0001
11 45 0.0001
11 48 0.0001
11 48 0.0001
11 48 0.0001
11 48 0.0001
11 49 0.0001
11 49 0.0001
11 49 0.0001
11 49 0.0001
11 52 0.0001
11 52 0.0001
11 52 0.0001
11 52 0.0001
11 53 0.0001
11 53 0.0001
11 53 0.0001
11 53 0.0001
11 56 0.0001
11 56 0.0001
11 56 0.0001
11 56 0.0001
11 57 0.0001
11 57 0.0001
11 57 0.0001
11 57 0.0001
11 60 0.25
11 60 0.25
11 60 0.25
11 60 0.25
11 61 0.25
11 61 0.25
11 61 0.25
11 61 0.25
11 72 0.25
11 72 0.25
11 72 0.25
11 72 0.25
11 73 0.25
11 73 0.25
11 73 0.25
11 73 0.25
11 88 0.25
11 88 0.25
11 88 0.25
11 88 0.25
11 89 0.25
11 89 0.25
11 89 0.25
11 89 0.25
11 92 0.25
11 92 0.25
11 92 0.25
11 92 0.25
11 93 0.25
11 93 0.25
11 93 0.25
11 93 0.25
11 68 0.0001
11 68 0.0001
11 68 0.0001
11 68 0.0001
11 69 0.0001
11 69 0.0001
11 69 0.0001
11 69 0.0001
11 76 0.0001
11 76 0.0001
11 76 0.0001
11 76 0.0001
11 77 0.0001
11 77 0.0001
11 77 0.0001
11 77 0.0001
11 80 0.0001
11 80 0.0001
11 80 0.0001
11 80 0.0001
11 81 0.0001
11 81 0.0001
11 81 0.0001
11 81 0.0001
11 84 0.0001
11 84 0.0001
11 84 0.0001
11 84 0.0001
11 85 0.0001
11 85 0.0001
11 85 0.0001
11 85 0.0001
11 64 0.0001
11 64 0.0001
11 64 0.0001
11 64 0.0001
11 65 0.0001
11 65 0.0001
11 65 0.0001
11 65 0.0001
11 96 0.0001
11 96 0.0001
11 96 0.0001
11 96 0.0001
11 97 0.0001
11 97 0.0001
11 97 0.0001
11 97 0.0001
11 100 0.0001
11 100 0.0001
11 100 0.0001
11 100 0.0001
11 101 0.0001
11 101 0.0001
11 101 0.0001
11 101 0.0001
11 104 0.0001
11 104 0.0001
11 104 0.0001
11 104 0.0001
11 105 0.0001
11 105 0.0001
11 105 0.0001
11 105 0.0001
12 36 0.0001
12 36 0.0001
12 36 0.0001
12 36 0.0001
12 37 0.0001
12 37 0.0001
12 37 0.0001
12 37 0.0001
12 40 0.0001
12 40 0.0001
12 40 0.0001
12 40 0.0001
12 41 0.0001
12 41 0.0001
12 41 0.0001
12 41 0.0001
12 44 0.0001
12 44 0.0001
12 44 0.0001
12 44 0.0001
12 45 0.0001
12 45 0.0001
12 45 0.0001
12 45 0.0001
12 48 0.0001
12 48 0.0001
12 48 0.0001
12 48 0.0001
12 49 0.0001
12 49 0.0001
12 49 0.0001
12 49 0.0001
12 52 0.0001
12 52 0.0001
12 52 0.0001
12 52 0.0001
12 53 0.0001
12 53 0.0001
12 53 0.0001
12 53 0.0001
12 56 0.0001
12 56 0.0001
12 56 0.0001
12 56 0.0001
12 57 0.0001
12 57 0.0001
12 57 0.0001
12 57 0.0001
12 60 0.0001
12 60 0.0001
12 60 0.0001
12 60 0.0001
12 61 0.0001
12 61 0.0001
12 61 0.0001
12 61 0.0001
12 72 0.0001
12 72 0.0001
12 72 0.0001
12 72 0.0001
12 73 0.0001
12 73 0.0001
12 73 0.0001
12 73 0.0001
12 88 0.0001
12 88 0.0001
12 88 0.0001
12 88 0.0001
12 89 0.0001
12 89 0.0001
12 89 0.0001
12 89 0.0001
12 92 0.0001
12 92 0.0001
12 92 0.0001
12 92 0.0001
12 93 0.0001
12 93 0.0001
12 93 0.0001
12 93 0.0001
12 68 0.25
12 68 0.25
12 68 0.25
12 68 0.25
12 69 0.25
12 69 0.25
12 69 0.25
12 69 0.25
12 76 0.25
12 76 0.25
12 76 0.25
12 76 0.25
12 77 0.25
12 77 0.25
12 77 0.25
12 77 0.25
12 80 0.25
12 80 0.25
12 80 0.25
12 80 0.25
12 81 0.25
12 81 0.25
12 81 0.25
12 81 0.25
12 84 0.25
12 84 0.25
12 84 0.25
12 84 0.25
12 85 0.25
12 85 0.25
12 85 0.25
12 85 0.25
12 64 0.0001
12 64 0.0001
12 64 0.0001
12 64 0.0001
12 65 0.0001
12 65 0.0001
12 65 0.0001
12 65 0.0001
12 96 0.0001
12 96 0.0001
12 96 0.0001
12 96 0.0001
12 97 0.0001
12 97 0.0001
12 97 0.0001
12 97 0.0001
12 100 0.0001
12 100 0.0001
12 100 0.0001
12 100 0.0001
12 101 0.0001
12 101 0.0001
12 101 0.0001
12 101 0.0001
12 104 0.0001
12 104 0.0001
12 104 0.0001
12 104 0.0001
12 105 0.0001
12 105 0.0001
12 105 0.0001
12 105 0.0001
13 36 0.0001
13 36 0.0001
13 36 0.0001
13 36 0.0001
13 37 0.0001
13 37 0.0001
13 37 0.0001
13 37 0.0001
13 40 0.0001
13 40 0.0001
13 40 0.0001
13 40 0.0001
13 41 0.0001
13 41 0.0001
13 41 0.0001
13 41 0.0001
13 44 0.0001
13 44 0.0001
13 44 0.0001
13 44 0.0001
13 45 0.0001
13 45 0.0001
13 45 0.0001
13 45 0.0001
13 48 0.0001
13 48 0.0001
13 48 0.0001
13 48 0.0001
13 49 0.0001
13 49 0.0001
13 49 0.0001
13 49 0.0001
13 52 0.0001
13 52 0.0001
13 52 0.0001
13 52 0.0001
13 53 0.0001
13 53 0.0001
13 53 0.0001
13 53 0.0001
13 56 0.0001
13 56 0.0001
13 56 0.0001
13 56 0.0001
13 57 0.0001
13 57 0.0001
13 57 0.0001
13 57 0.0001
13 60 0.0001
13 60 0.0001
13 60 0.0001
13 60 0.0001
13 61 0.0001
13 61 0.0001
13 61 0.0001
13 61 0.0001
13 72 0.0001
13 72 0.0001
13 72 0.0001
13 72 0.0001
13 73 0.0001
13 73 0.0001
13 73 0.0001
13 73 0.0001
13 88 0.0001
13 88 0.0001
13 88 0.0001
13 88 0.0001
13 89 0.0001
13 89 0.0001
13 89 0.0001
13 89 0.0001
13 92 0.0001
13 92 0.0001
13 92 0.0001
13 92 0.0001
13 93 0.0001
13 93 0.0001
13 93 0.0001
13 93 0.0001
13 68 0.25
13 68 0.25
13 68 0.25
13 68 0.25
13 69 0.25
13 69 0.25
13 69 0.25
13 69 0.25
13 76 0.25
13 76 0.25
13 76 0.25
13 76 0.25
13 77 0.25
13 77 0.25
13 77 0.25
13 77 0.25
13 80 0.25
13 80 0.25
13 80 0.25
13 80 0.25
13 81 0.25
13 81 0.25
13 81 0.25
13 81 0.25
13 84 0.25
13 84 0.25
13 84 0.25
13 84 0.25
13 85 0.25
13 85 0.25
13 85 0.25
13 85 0.25
13 64 0.0001
13 64 0.0001
13 64 0.0001
13 64 0.0001
13 65 0.0001
13 65 0.0001
13 65 0.0001
13 65 0.0001
13 96 0.0001
13 96 0.0001
13 96 0.0001
13 96 0.0001
13 97 0.0001
13 97 0.0001
13 97 0.0001
13 97 0.0001
13 100 0.0001
13 100 0.0001
13 100 0.0001
13 100 0.0001
13 101 0.0001
13 101 0.0001
13 101 0.0001
13 101 0.0001
13 104 0.0001
13 104 0.0001
13 104 0.0001
13 104 0.0001
13 105 0.0001
13 105 0.0001
13 105 0.0001
13 105 0.0001
14 36 0.0001
14 36 0.0001
14 36 0.0001
14 36 0.0001
14 37 0.0001
14 37 0.0001
14 37 0.0001
14 37 0.0001
14 40 0.0001
14 40 0.0001
14 40 0.0001
14 40 0.0001
14 41 0.0001
14 41 0.0001
14 41 0.0001
14 41 0.0001
14 44 0.0001
14 44 0.0001
14 44 0.0001
14 44 0.0001
14 45 0.0001
14 45 0.0001
14 45 0.0001
14 45 0.0001
14 48 0.0001
14 48 0.0001
14 48 0.0001
14 48 0.0001
14 49 0.0001
14 49 0.0001
14 49 0.0001
14 49 0.0001
14 52 0.0001
14 52 0.0001
14 52 0.0001
14 52 0.0001
14 53 0.0001
14 53 0.0001
14 53 0.0001
14 53 0.0001
14 56 0.0001
14 56 0.0001
14 56 0.0001
14 56 0.0001
14 57 0.0001
14 57 0.0001
14 57 0.0001
14 57 0.0001
14 60 0.0001
14 60 0.0001
14 60 0.0001
14 60 0.0001
14 61 0.0001
14 61 0.0001
14 61 0.0001
14 61 0.0001
14 72 0.0001
14 72 0.0001
14 72 0.0001
14 72 0.0001
14 73 0.0001
14 73 0.0001
14 73 0.0001
14 73 0.0001
14 88 0.0001
14 88 0.0001
14 88 0.0001
14 88 0.0001
14 89 0.0001
14 89 0.0001
14 89 0.0001
14 89 0.0001
14 92 0.0001
14 92 0.0001
14 92 0.0001
14 92 0.0001
14 93 0.0001
14 93 0.0001
14 93 0.0001
14 93 0.0001
14 68 0.25
14 68 0.25
14 68 0.25
14 68 0.25
14 69 0.25
14 69 0.25
14 69 0.25
14 69 0.25
14 76 0.25
14 76 0.25
14 76 0.25
14 76 0.25
14 77 0.25
14 77 0.25
14 77 0.25
14 77 0.25
14 80 0.25
14 80 0.25
14 80 0.25
14 80 0.25
14 81 0.25
14 81 0.25
14 81 0.25
14 81 0.25
14 84 0.25
14 84 0.25
14 84 0.25
14 84 0.25
14 85 0.25
14 85 0.25
14 85 0.25
14 85 0.25
14 64 0.0001
14 64 0.0001
14 64 0.0001
14 64 0.0001
14 65 0.0001
14 65 0.0001
14 65 0.0001
14 65 0.0001
14 96 0.0001
14 96 0.0001
14 96 0.0001
14 96 0.0001
14 97 0.0001
14 97 0.0001
14 97 0.0001
14 97 0.0001
14 100 0.0001
14 100 0.0001
14 100 0.0001
14 100 0.0001
14 101 0.0001
14 101 0.0001
14 101 0.0001
14 101 0.0001
14 104 0.0001
14 104 0.0001
14 104 0.0001
14 104 0.0001
14 105 0.0001
14 105 0.0001
14 105 0.0001
14 105 0.0001
15 36 0.0001
15 36 0.0001
15 36 0.0001
15 36 0.0001
15 37 0.0001
15 37 0.0001
15 37 0.0001
15 37 0.0001
15 40 0.0001
15 40 0.0001
15 40 0.0001
15 40 0.0001
15 41 0.0001
15 41 0.0001
15 41 0.0001
15 41 0.0001
15 44 0.0001
15 44 0.0001
15 44 0.0001
15 44 0.0001
15 45 0.0001
15 45 0.0001
15 45 0.0001
15 45 0.0001
15 48 0.0001
15 48 0.0001
15 48 0.0001
15 48 0.0001
15 49 0.0001
15 49 0.0001
15 49 0.0001
15 49 0.0001
15 52 0.0001
15 52 0.0001
15 52 0.0001
15 52 0.0001
15 53 0.0001
15 53 0.0001
15 53 0.0001
15 53 0.0001
15 56 0.0001
15 56 0.0001
15 56 0.0001
15 56 0.0001
15 57 0.0001
15 57 0.0001
15 57 0.0001
15 57 0.0001
15 60 0.0001
15 60 0.0001
15 60 0.0001
15 60 0.0001
15 61 0.0001
15 61 0.0001
15 61 0.0001
15 61 0.0001
15 72 0.0001
15 72 0.0001
15 72 0.0001
15 72 0.0001
15 73 0.0001
15 73 0.0001
15 73 0.0001
15 73 0.0001
15 88 0.0001
15 88 0.0001
15 88 0.0001
15 88 0.0001
15 89 0.0001
15 89 0.0001
15 89 0.0001
15 89 0.0001
15 92 0.0001
15 92 0.0001
15 92 0.0001
15 92 0.0001
15 93 0.0001
15 93 0.0001
15 93 0.0001
15 93 0.0001
15 68 0.25
15 68 0.25
15 68 0.25
15 68 0.25
15 69 0.25
15 69 0.25
15 69 0.25
15 69 0.25
15 76 0.25
15 76 0.25
15 76 0.25
15 76 0.25
15 77 0.25
15 77 0.25
15 77 0.25
15 77 0.25
15 80 0.25
15 80 0.25
15 80 0.25
15 80 0.25
15 81 0.25
15 81 0.25
15 81 0.25
15 81 0.25
15 84 0.25
15 84 0.25
15 84 0.25
15 84 0.25
15 85 0.25
15 85 0.25
15 85 0.25
15 85 0.25
15 64 0.0001
15 64 0.0001
15 64 0.0001
15 64 0.0001
15 65 0.0001
15 65 0.0001
15 65 0.0001
15 65 0.0001
15 96 0.0001
15 96 0.0001
15 96 0.0001
15 96 0.0001
15 97 0.0001
15 97 0.0001
15 97 0.0001
15 97 0.0001
15 100 0.0001
15 100 0.0001
15 100 0.0001
15 100 0.0001
15 101 0.0001
15 101 0.0001
15 101 0.0001
15 101 0.0001
15 104 0.0001
15 104 0.0001
15 104 0.0001
15 104 0.0001
15 105 0.0001
15 105 0.0001
15 105 0.0001
15 105 0.0001
16 36 0.0001
16 36 0.0001
16 36 0.0001
16 36 0.0001
16 37 0.0001
16 37 0.0001
16 37 0.0001
16 37 0.0001
16 40 0.0001
16 40 0.0001
16 40 0.0001
16 40 0.0001
16 41 0.0001
16 41 0.0001
16 41 0.0001
16 41 0.0001
16 44 0.0001
16 44 0.0001
16 44 0.0001
16 44 0.0001
16 45 0.0001
16 45 0.0001
16 45 0.0001
16 45 0.0001
16 48 0.0001
16 48 0.0001
16 48 0.0001
16 48 0.0001
16 49 0.0001
16 49 0.0001
16 49 0.0001
16 49 0.0001
16 52 0.0001
16 52 0.0001
16 52 0.0001
16 52 0.0001
16 53 0.0001
16 53 0.0001
16 53 0.0001
16 53 0.0001
16 56 0.0001
16 56 0.0001
16 56 0.0001
16 56 0.0001
16 57 0.0001
16 57 0.0001
16 57 0.0001
16 57 0.0001
16 60 0.0001
16 60 0.0001
16 60 0.0001
16 60 0.0001
16 61 0.0001
16 61 0.0001
16 61 0.0001
16 61 0.0001
16 72 0.0001
16 72 0.0001
16 72 0.0001
16 72 0.0001
16 73 0.0001
16 73 0.0001
16 73 0.0001
16 73 0.0001
16 88 0.0001
16 88 0.0001
16 88 0.0001
16 88 0.0001
16 89 0.0001
16 89 0.0001
16 89 0.0001
16 89 0.0001
16 92 0.0001
16 92 0.0001
16 92 0.0001
16 92 0.0001
16 93 0.0001
16 93 0.0001
16 93 0.0001
16 93 0.0001
16 68 0.25
16 68 0.25
16 68 0.25
16 68 0.25
16 69 0.25
16 69 0.25
16 69 0.25
16 69 0.25
16 76 0.25
16 76 0.25
16 76 0.25
16 76 0.25
16 77 0.25
16 77 0.25
16 77 0.25
16 77 0.25
16 80 0.25
16 80 0.25
16 80 0.25
16 80 0.25
16 81 0.25
16 81 0.25
16 81 0.25
16 81 0.25
16 84 0.25
16 84 0.25
16 84 0.25
16 84 0.25
16 85 0.25
16 85 0.25
16 85 0.25
16 85 0.25
16 64 0.0001
16 64 0.0001
16 64 0.0001
16 64 0.0001
16 65 0.0001
16 65 0.0001
16 65 0.0001
16 65 0.0001
16 96 0.0001
16 96 0.0001
16 96 0.0001
16 96 0.0001
16 97 0.0001
16 97 0.0001
16 97 0.0001
16 97 0.0001
16 100 0.0001
16 100 0.0001
16 100 0.0001
16 100 0.0001
16 101 0.0001
16 101 0.0001
16 101 0.0001
16 101 0.0001
16 104 0.0001
16 104 0.0001
16 104 0.0001
16 104 0.0001
16 105 0.0001
16 105 0.0001
16 105 0.0001
16 105 0.0001
17 36 0.0001
17 36 0.0001
17 36 0.0001
17 36 0.0001
17 37 0.0001
17 37 0.0001
17 37 0.0001
17 37 0.0001
17 40 0.0001
17 40 0.0001
17 40 0.0001
17 40 0.0001
17 41 0.0001
17 41 0.0001
17 41 0.0001
17 41 0.0001
17 44 0.0001
17 44 0.0001
17 44 0.0001
17 44 0.0001
17 45 0.0001
17 45 0.0001
17 45 0.0001
17 45 0.0001
17 48 0.0001
17 48 0.0001
17 48 0.0001
17 48 0.0001
17 49 0.0001
17 49 0.0001
17 49 0.0001
17 49 0.0001
17 52 0.0001
17 52 0.0001
17 52 0.0001
17 52 0.0001
17 53 0.0001
17 53 0.0001
17 53 0.0001
17 53 0.0001
17 56 0.0001
17 56 0.0001
17 56 0.0001
17 56 0.0001
17 57 0.0001
17 57 0.0001
17 57 0.0001
17 57 0.0001
17 60 0.0001
17 60 0.0001
17 60 0.0001
17 60 0.0001
17 61 0.0001
17 61 0.0001
17 61 0.0001
17 61 0.0001
17 72 0.0001
17 72 0.0001
17 72 0.0001
17 72 0.0001
17 73 0.0001
17 73 0.0001
17 73 0.0001
17 73 0.0001
17 88 0.0001
17 88 0.0001
17 88 0.0001
17 88 0.0001
17 89 0.0001
17 89 0.0001
17 89 0.0001
17 89 0.0001
17 92 0.0001
17 92 0.0001
17 92 0.0001
17 92 0.0001
17 93 0.0001
17 93 0.0001
17 93 0.0001
17 93 0.0001
17 68 0.25
17 68 0.25
17 68 0.25
17 68 0.25
17 69 0.25
17 69 0.25
17 69 0.25
17 69 0.25
17 76 0.25
17 76 0.25
17 76 0.25
17 76 0.25
17 77 0.25
17 77 0.25
17 77 0.25
17 77 0.25
17 80 0.25
17 80 0.25
17 80 0.25
17 80 0.25
17 81 0.25
17 81 0.25
17 81 0.25
17 81 0.25
17 84 0.25
17 84 0.25
17 84 0.25
17 84 0.25
17 85 0.25
17 85 0.25
17 85 0.25
17 85 0.25
17 64 0.0001
17 64 0.0001
17 64 0.0001
17 64 0.0001
17 65 0.0001
17 65 0.0001
17 65 0.0001
17 65 0.0001
17 96 0.0001
17 96 0.0001
17 96 0.0001
17 96 0.0001
17 97 0.0001
17 97 0.0001
17 97 0.0001
17 97 0.0001
17 100 0.0001
17 100 0.0001
17 100 0.0001
17 100 0.0001
17 101 0.0001
17 101 0.0001
17 101 0.0001
17 101 0.0001
17 104 0.0001
17 104 0.0001
17 104 0.0001
17 104 0.0001
17 105 0.0001
17 105 0.0001
17 105 0.0001
17 105 0.0001
18 36 0.0001
18 36 0.0001
18 36 0.0001
18 36 0.0001
18 37 0.0001
18 37 0.0001
18 37 0.0001
18 37 0.0001
18 40 0.0001
18 40 0.0001
18 40 0.0001
18 40 0.0001
18 41 0.0001
18 41 0.0001
18 41 0.0001
18 41 0.0001
18 44 0.0001
18 44 0.0001
18 44 0.0001
18 44 0.0001
18 45 0.0001
18 45 0.0001
18 45 0.0001
18 45 0.0001
18 48 0.0001
18 48 0.0001
18 48 0.0001
18 48 0.0001
18 49 0.0001
18 49 0.0001
18 49 0.0001
18 49 0.0001
18 52 0.0001
18 52 0.0001
18 52 0.0001
18 52 0.0001
18 53 0.0001
18 53 0.0001
18 53 0.0001
18 53 0.0001
18 56 0.0001
18 56 0.0001
18 56 0.0001
18 56 0.0001
18 57 0.0001
18 57 0.0001
18 57 0.0001
18 57 0.0001
18 60 0.0001
18 60 0.0001
18 60 0.0001
18 60 0.0001
18 61 0.0001
18 61 0.0001
18 61 0.0001
18 61 0.0001
18 72 0.0001
18 72 0.0001
18 72 0.0001
18 72 0.0001
18 73 0.0001
18 73 0.0001
18 73 0.0001
18 73 0.0001
18 88 0.0001
18 88 0.0001
18 88 0.0001
18 88 0.0001
18 89 0.0001
18 89 0.0001
18 89 0.0001
18 89 0.0001
18 92 0.0001
18 92 0.0001
18 92 0.0001
18 92 0.0001
18 93 0.0001
18 93 0.0001
18 93 0.0001
18 93 0.0001
18 68 0.0001
18 68 0.0001
18 68 0.0001
18 68 0.0001
18 69 0.0001
18 69 0.0001
18 69 0.0001
18 69 0.0001
18 76 0.0001
18 76 0.0001
18 76 0.0001
18 76 0.0001
18 77 0.0001
18 77 0.0001
18 77 0.0001
18 77 0.0001
18 80 0.0001
18 80 0.0001
18 80 0.0001
18 80 0.0001
18 81 0.0001
18 81 0.0001
18 81 0.0001
18 81 0.0001
18 84 0.0001
18 84 0.0001
18 84 0.0001
18 84 0.0001
18 85 0.0001
18 85 0.0001
18 85 0.0001
18 85 0.0001
18 64 0.25
18 64 0.25
18 64 0.25
18 64 0.25
18 65 0.25
18 65 0.25
18 65 0.25
18 65 0.25
18 96 0.25
18 96 0.25
18 96 0.25
18 96 0.25
18 97 0.25
18 97 0.25
18 97 0.25
18 97 0.25
18 100 0.25
18 100 0.25
18 100 0.25
18 100 0.25
18 101 0.25
18 101 0.25
18 101 0.25
18 101 0.25
18 104 0.25
18 104 0.25
18 104 0.25
18 104 0.25
18 105 0.25
18 105 0.25
18 105 0.25
18 105 0.25
19 36 0.0001
19 36 0.0001
19 36 0.0001
19 36 0.0001
19 37 0.0001
19 37 0.0001
19 37 0.0001
19 37 0.0001
19 40 0.0001
19 40 0.0001
19 40 0.0001
19 40 0.0001
19 41 0.0001
19 41 0.0001
19 41 0.0001
19 41 0.0001
19 44 0.0001
19 44 0.0001
19 44 0.0001
19 44 0.0001
19 45 0.0001
19 45 0.0001
19 45 0.0001
19 45 0.0001
19 48 0.0001
19 48 0.0001
19 48 0.0001
19 48 0.0001
19 49 0.0001
19 49 0.0001
19 49 0.0001
19 49 0.0001
19 52 0.0001
19 52 0.0001
19 52 0.0001
19 52 0.0001
19 53 0.0001
19 53 0.0001
19 53 0.0001
19 53 0.0001
19 56 0.0001
19 56 0.0001
19 56 0.0001
19 56 0.0001
19 57 0.0001
19 57 0.0001
19 57 0.0001
19 57 0.0001
19 60 0.0001
19 60 0.0001
19 60 0.0001
19 60 0.0001
19 61 0.0001
19 61 0.0001
19 61 0.0001
19 61 0.0001
19 72 0.0001
19 72 0.0001
19 72 0.0001
19 72 0.0001
19 73 0.0001
19 73 0.0001
19 73 0.0001
19 73 0.0001
19 88 0.0001
19 88 0.0001
19 88 0.0001
19 88 0.0001
19 89 0.0001
19 89 0.0001
19 89 0.0001
19 89 0.0001
19 92 0.0001
19 92 0.0001
19 92 0.0001
19 92 0.0001
19 93 0.0001
19 93 0.0001
19 93 0.0001
19 93 0.0001
19 68 0.0001
19 68 0.0001
19 68 0.0001
19 68 0.0001
19 69 0.0001
19 69 0.0001
19 69 0.0001
19 69 0.0001
19 76 0.0001
19 76 0.0001
19 76 0.0001
19 76 0.0001
19 77 0.0001
19 77 0.0001
19 77 0.0001
19 77 0.0001
19 80 0.0001
19 80 0.0001
19 80 0.0001
19 80 0.0001
19 81 0.0001
19 81 0.0001
19 81 0.0001
19 81 0.0001
19 84 0.0001
19 84 0.0001
19 84 0.0001
19 84 0.0001
19 85 0.0001
19 85 0.0001
19 85 0.0001
19 85 0.0001
19 64 0.25
19 64 0.25
19 64 0.25
19 64 0.25
19 65 0.25
19 65 0.25
19 65 0.25
19 65 0.25
19 96 0.25
19 96 0.25
19 96 0.25
19 96 0.25
19 97 0.25
19 97 0.25
19 97 0.25
19 97 0.25
19 100 0.25
19 100 0.25
19 100 0.25
19 100 0.25
19 101 0.25
19 101 0.25
19 101 0.25
19 101 0.25
19 104 0.25
19 104 0.25
19 104 0.25
19 104 0.25
19 105 0.25
19 105 0.25
19 105 0.25
19 105 0.25
20 36 0.0001
20 36 0.0001
20 36 0.0001
20 36 0.0001
20 37 0.0001
20 37 0.0001
20 37 0.0001
20 37 0.0001
20 40 0.0001
20 40 0.0001
20 40 0.0001
20 40 0.0001
20 41 0.0001
20 41 0.0001
20 41 0.0001
20 41 0.0001
20 44 0.0001
20 44 0.0001
20 44 0.0001
20 44 0.0001
20 45 0.0001
20 45 0.0001
20 45 0.0001
20 45 0.0001
20 48 0.0001
20 48 0.0001
20 48 0.0001
20 48 0.0001
20 49 0.0001
20 49 0.0001
20 49 0.0001
20 49 0.0001
20 52 0.0001
20 52 0.0001
20 52 0.0001
20 52 0.0001
20 53 0.0001
20 53 0.0001
20 53 0.0001
20 53 0.0001
20 56 0.0001
20 56 0.0001
20 56 0.0001
20 56 0.0001
20 57 0.0001
20 57 0.0001
20 57 0.0001
20 57 0.0001
20 60 0.0001
20 60 0.0001
20 60 0.0001
20 60 0.0001
20 61 0.0001
20 61 0.0001
20 61 0.0001
20 61 0.0001
20 72 0.0001
20 72 0.0001
20 72 0.0001
20 72 0.0001
20 73 0.0001
20 73 0.0001
20 73 0.0001
20 73 0.0001
20 88 0.0001
20 88 0.0001
20 88 0.0001
20 88 0.0001
20 89 0.0001
20 89 0.0001
20 89 0.0001
20 89 0.0001
20 92 0.0001
20 92 0.0001
20 92 0.0001
20 92 0.0001
20 93 0.0001
20 93 0.0001
20 93 0.0001
20 93 0.0001
20 68 0.0001
20 68 0.0001
20 68 0.0001
20 68 0.0001
20 69 0.0001
20 69 0.0001
20 69 0.0001
20 69 0.0001
20 76 0.0001
20 76 0.0001
20 76 0.0001
20 76 0.0001
20 77 0.0001
20 77 0.0001
20 77 0.0001
20 77 0.0001
20 80 0.0001
20 80 0.0001
20 80 0.0001
20 80 0.0001
20 81 0.0001
20 81 0.0001
20 81 0.0001
20 81 0.0001
20 84 0.0001
20 84 0.0001
20 84 0.0001
20 84 0.0001
20 85 0.0001
20 85 0.0001
20 85 0.0001
20 85 0.0001
20 64 0.25
20 64 0.25
20 64 0.25
20 64 0.25
20 65 0.25
20 65 0.25
20 65 0.25
20 65 0.25
20 96 0.25
20 96 0.25
20 96 0.25
20 96 0.25
20 97 0.25
20 97 0.25
20 97 0.25
20 97 0.25
20 100 0.25
20 100 0.25
20 100 0.25
20 100 0.25
20 101 0.25
20 101 0.25
20 101 0.25
20 101 0.25
20 104 0.25
20 104 0.25
20 104 0.25
20 104 0.25
20 105 0.25
20 105 0.25
20 105 0.25
20 105 0.25
21 36 0.0001
21 36 0.0001
21 36 0.0001
21 36 0.0001
21 37 0.0001
21 37 0.0001
21 37 0.0001
21 37 0.0001
21 40 0.0001
21 40 0.0001
21 40 0.0001
21 40 0.0001
21 41 0.0001
21 41 0.0001
21 41 0.0001
21 41 0.0001
21 44 0.0001
21 44 0.0001
21 44 0.0001
21 44 0.0001
21 45 0.0001
21 45 0.0001
21 45 0.0001
21 45 0.0001
21 48 0.0001
21 48 0.0001
21 48 0.0001
21 48 0.0001
21 49 0.0001
21 49 0.0001
21 49 0.0001
21 49 0.0001
21 52 0.0001
21 52 0.0001
21 52 0.0001
21 52 0.0001
21 53 0.0001
21 53 0.0001
21 53 0.0001
21 53 0.0001
21 56 0.0001
21 56 0.0001
21 56 0.0001
21 56 0.0001
21 57 0.0001
21 57 0.0001
21 57 0.0001
21 57 0.0001
21 60 0.0001
21 60 0.0001
21 60 0.0001
21 60 0.0001
21 61 0.0001
21 61 0.0001
21 61 0.0001
21 61 0.0001
21 72 0.0001
21 72 0.0001
21 72 0.0001
21 72 0.0001
21 73 0.0001
21 73 0.0001
21 73 0.0001
21 73 0.0001
21 88 0.0001
21 88 0.0001
21 88 0.0001
21 88 0.0001
21 89 0.0001
21 89 0.0001
21 89 0.0001
21 89 0.0001
21 92 0.0001
21 92 0.0001
21 92 0.0001
21 92 0.0001
21 93 0.0001
21 93 0.0001
21 93 0.0001
21 93 0.0001
21 68 0.0001
21 68 0.0001
21 68 0.0001
21 68 0.0001
21 69 0.0001
21 69 0.0001
21 69 0.0001
21 69 0.0001
21 76 0.0001
21 76 0.0001
21 76 0.0001
21 76 0.0001
21 77 0.0001
21 77 0.0001
21 77 0.0001
21 77 0.0001
21 80 0.0001
21 80 0.0001
21 80 0.0001
21 80 0.0001
21 81 0.0001
21 81 0.0001
21 81 0.0001
21 81 0.0001
21 84 0.0001
21 84 0.0001
21 84 0.0001
21 84 0.0001
21 85 0.0001
21 85 0.0001
21 85 0.0001
21 85 0.0001
21 64 0.25
21 64 0.25
21 64 0.25
21 64 0.25
21 65 0.25
21 65 0.25
21 65 0.25
21 65 0.25
21 96 0.25
21 96 0.25
21 96 0.25
21 96 0.25
21 97 0.25
21 97 0.25
21 97 0.25
21 97 0.25
21 100 0.25
21 100 0.25
21 100 0.25
21 100 0.25
21 101 0.25
21 101 0.25
21 101 0.25
21 101 0.25
21 104 0.25
21 104 0.25
21 104 0.25
21 104 0.25
21 105 0.25
21 105 0.25
21 105 0.25
21 105 0.25
22 36 0.0001
22 36 0.0001
22 36 0.0001
22 36 0.0001
22 37 0.0001
22 37 0.0001
22 37 0.0001
22 37 0.0001
22 40 0.0001
22 40 0.0001
22 40 0.0001
22 40 0.0001
22 41 0.0001
22 41 0.0001
22 41 0.0001
22 41 0.0001
22 44 0.0001
22 44 0.0001
22 44 0.0001
22 44 0.0001
22 45 0.0001
22 45 0.0001
22 45 0.0001
22 45 0.0001
22 48 0.0001
22 48 0.0001
22 48 0.0001
22 48 0.0001
22 49 0.0001
22 49 0.0001
22 49 0.0001
22 49 0.0001
22 52 0.0001
22 52 0.0001
22 52 0.0001
22 52 0.0001
22 53 0.0001
22 53 0.0001
22 53 0.0001
22 53 0.0001
22 56 0.0001
22 56 0.0001
22 56 0.0001
22 56 0.0001
22 57 0.0001
22 57 0.0001
22 57 0.0001
22 57 0.0001
22 60 0.0001
22 60 0.0001
22 60 0.0001
22 60 0.0001
22 61 0.0001
22 61 0.0001
22 61 0.0001
22 61 0.0001
22 72 0.0001
22 72 0.0001
22 72 0.0001
22 72 0.0001
22 73 0.0001
22 73 0.0001
22 73 0.0001
22 73 0.0001
22 88 0.0001
22 88 0.0001
22 88 0.0001
22 88 0.0001
22 89 0.0001
22 89 0.0001
22 89 0.0001
22 89 0.0001
22 92 0.0001
22 92 0.0001
22 92 0.0001
22 92 0.0001
22 93 0.0001
22 93 0.0001
22 93 0.0001
22 93 0.0001
22 68 0.0001
22 68 0.0001
22 68 0.0001
22 68 0.0001
22 69 0.0001
22 69 0.0001
22 69 0.0001
22 69 0.0001
22 76 0.0001
22 76 0.0001
22 76 0.0001
22 76 0.0001
22 77 0.0001
22 77 0.0001
22 77 0.0001
22 77 0.0001
22 80 0.0001
22 80 0.0001
22 80 0.0001
22 80 0.0001
22 81 0.0001
22 81 0.0001
22 81 0.0001
22 81 0.0001
22 84 0.0001
22 84 0.0001
22 84 0.0001
22 84 0.0001
22 85 0.0001
22 85 0.0001
22 85 0.0001
22 85 0.0001
22 64 0.25
22 64 0.25
22 64 0.25
22 64 0.25
22 65 0.25
22 65 0.25
22 65 0.25
22 65 0.25
22 96 0.25
22 96 0.25
22 96 0.25
22 96 0.25
22 97 0.25
22 97 0.25
22 97 0.25
22 97 0.25
22 100 0.25
22 100 0.25
22 100 0.25
22 100 0.25
22 101 0.25
22 101 0.25
22 101 0.25
22 101 0.25
22 104 0.25
22 104 0.25
22 104 0.25
22 104 0.25
22 105 0.25
22 105 0.25
22 105 0.25
22 105 0.25
23 36 0.0001
23 36 0.0001
23 36 0.0001
23 36 0.0001
23 37 0.0001
23 37 0.0001
23 37 0.0001
23 37 0.0001
23 40 0.0001
23 40 0.0001
23 40 0.0001
23 40 0.0001
23 41 0.0001
23 41 0.0001
23 41 0.0001
23 41 0.0001
23 44 0.0001
23 44 0.0001
23 44 0.0001
23 44 0.0001
23 45 0.0001
23 45 0.0001
23 45 0.0001
23 45 0.0001
23 48 0.0001
23 48 0.0001
23 48 0.0001
23 48 0.0001
23 49 0.0001
23 49 0.0001
23 49 0.0001
23 49 0.0001
23 52 0.0001
23 52 0.0001
23 52 0.0001
23 52 0.0001
23 53 0.0001
23 53 0.0001
23 53 0.0001
23 53 0.0001
23 56 0.0001
23 56 0.0001
23 56 0.0001
23 56 0.0001
23 57 0.0001
23 57 0.0001
23 57 0.0001
23 57 0.0001
23 60 0.0001
23 60 0.0001
23 60 0.0001
23 60 0.0001
23 61 0.0001
23 61 0.0001
23 61 0.0001
23 61 0.0001
23 72 0.0001
23 72 0.0001
23 72 0.0001
23 72 0.0001
23 73 0.0001
23 73 0.0001
23 73 0.0001
23 73 0.0001
23 88 0.0001
23 88 0.0001
23 88 0.0001
23 88 0.0001
23 89 0.0001
23 89 0.0001
23 89 0.0001
23 89 0.0001
23 92 0.0001
23 92 0.0001
23 92 0.0001
23 92 0.0001
23 93 0.0001
23 93 0.0001
23 93 0.0001
23 93 0.0001
23 68 0.0001
23 68 0.0001
23 68 0.0001
23 68 0.0001
23 69 0.0001
23 69 0.0001
23 69 0.0001
23 69 0.0001
23 76 0.0001
23 76 0.0001
23 76 0.0001
23 76 0.0001
23 77 0.0001
23 77 0.0001
23 77 0.0001
23 77 0.0001
23 80 0.0001
23 80 0.0001
23 80 0.0001
23 80 0.0001
23 81 0.0001
23 81 0.0001
23 81 0.0001
23 81 0.0001
23 84 0.0001
23 84 0.0001
23 84 0.0001
23 84 0.0001
23 85 0.0001
23 85 0.0001
23 85 0.0001
23 85 0.0001
23 64 0.25
23 64 0.25
23 64 0.25
23 64 0.25
23 65 0.25
23 65 0.25
23 65 0.25
23 65 0.25
23 96 0.25
23 96 0.25
23 96 0.25
23 96 0.25
23 97 0.25
23 97 0.25
23 97 0.25
23 97 0.25
23 100 0.25
23 100 0.25
23 100 0.25
23 100 0.25
23 101 0.25
23 101 0.25
23 101 0.25
23 101 0.25
23 104 0.25
23 104 0.25
23 104 0.25
23 104 0.25
23 105 0.25
23 105 0.25
23 105 0.25
23 105 0.25
