36 37 1e-008
36 38 1e-008
36 39 1e-008
36 40 1e-008
36 41 1e-008
36 42 1e-008
36 43 1e-008
36 44 1e-008
36 45 1e-008
36 46 1e-008
36 47 1e-008
36 48 1e-008
36 49 1e-008
36 50 1e-008
36 51 1e-008
36 52 1e-008
36 53 1e-008
36 54 1e-008
36 55 1e-008
36 56 1e-008
36 57 1e-008
36 58 1e-008
36 59 1e-008
36 60 1e-008
36 61 1e-008
36 62 1e-008
36 63 1e-008
36 64 1e-008
36 65 1e-008
36 66 1e-008
36 67 1e-008
36 68 1e-008
36 69 1e-008
36 70 1e-008
36 71 1e-008
36 72 1e-008
36 73 1e-008
36 74 1e-008
36 75 1e-008
36 76 1e-008
36 77 1e-008
36 78 1e-008
36 79 1e-008
36 80 1e-008
36 81 1e-008
36 82 1e-008
36 83 1e-008
36 84 1e-008
36 85 1e-008
36 86 1e-008
36 87 1e-008
36 88 1e-008
36 89 1e-008
36 90 1e-008
36 91 1e-008
36 92 1e-008
36 93 1e-008
36 94 1e-008
36 95 1e-008
36 96 1e-008
36 97 1e-008
36 98 1e-008
36 99 1e-008
36 100 1e-008
36 101 1e-008
36 102 1e-008
36 103 1e-008
36 104 1e-008
36 105 1e-008
36 106 1e-008
36 107 1e-008
108 36 0.0001
108 36 0.0001
108 36 0.0001
108 36 0.0001
108 36 0.0001
108 36 0.0001
108 36 0.0001
108 36 0.0001
108 36 0.0001
108 36 0.0001
108 36 0.0001
108 36 0.0001
108 36 0.0001
108 36 0.0001
108 36 0.0001
108 36 0.0001
108 36 0.0001
108 36 0.0001
108 36 0.0001
108 36 0.0001
108 36 0.0001
108 36 0.0001
108 36 0.0001
108 36 0.0001
109 36 0.0001
109 36 0.0001
109 36 0.0001
109 36 0.0001
109 36 0.0001
109 36 0.0001
109 36 0.0001
109 36 0.0001
109 36 0.0001
109 36 0.0001
109 36 0.0001
109 36 0.0001
109 36 0.0001
109 36 0.0001
109 36 0.0001
109 36 0.0001
109 36 0.0001
109 36 0.0001
109 36 0.0001
109 36 0.0001
109 36 0.0001
109 36 0.0001
109 36 0.0001
109 36 0.0001
110 36 0.0001
110 36 0.0001
110 36 0.0001
110 36 0.0001
110 36 0.0001
110 36 0.0001
110 36 0.0001
110 36 0.0001
110 36 0.0001
110 36 0.0001
110 36 0.0001
110 36 0.0001
110 36 0.0001
110 36 0.0001
110 36 0.0001
110 36 0.0001
110 36 0.0001
110 36 0.0001
110 36 0.0001
110 36 0.0001
110 36 0.0001
110 36 0.0001
110 36 0.0001
110 36 0.0001
111 36 0.0001
111 36 0.0001
111 36 0.0001
111 36 0.0001
111 36 0.0001
111 36 0.0001
111 36 0.08
111 36 0.0001
111 36 0.0001
111 36 0.0001
111 36 0.0001
111 36 0.0001
111 36 0.0001
111 36 0.0001
111 36 0.0001
111 36 0.08
111 36 0.0001
111 36 0.0001
111 36 0.08
111 36 0.0001
111 36 0.0001
111 36 0.0001
111 36 0.0001
111 36 0.0001
37 38 1e-008
37 39 1e-008
37 40 1e-008
37 41 1e-008
37 42 1e-008
37 43 1e-008
37 44 1e-008
37 45 1e-008
37 46 1e-008
37 47 1e-008
37 48 1e-008
37 49 1e-008
37 50 1e-008
37 51 1e-008
37 52 1e-008
37 53 1e-008
37 54 1e-008
37 55 1e-008
37 56 1e-008
37 57 1e-008
37 58 1e-008
37 59 1e-008
37 60 1e-008
37 61 1e-008
37 62 1e-008
37 63 1e-008
37 64 1e-008
37 65 1e-008
37 66 1e-008
37 67 1e-008
37 68 1e-008
37 69 1e-008
37 70 1e-008
37 71 1e-008
37 72 1e-008
37 73 1e-008
37 74 1e-008
37 75 1e-008
37 76 1e-008
37 77 1e-008
37 78 1e-008
37 79 1e-008
37 80 1e-008
37 81 1e-008
37 82 1e-008
37 83 1e-008
37 84 1e-008
37 85 1e-008
37 86 1e-008
37 87 1e-008
37 88 1e-008
37 89 1e-008
37 90 1e-008
37 91 1e-008
37 92 1e-008
37 93 1e-008
37 94 1e-008
37 95 1e-008
37 96 1e-008
37 97 1e-008
37 98 1e-008
37 99 1e-008
37 100 1e-008
37 101 1e-008
37 102 1e-008
37 103 1e-008
37 104 1e-008
37 105 1e-008
37 106 1e-008
37 107 1e-008
108 37 0.0001
108 37 0.0001
108 37 0.0001
108 37 0.0001
108 37 0.0001
108 37 0.0001
108 37 0.0001
108 37 0.0001
108 37 0.0001
108 37 0.0001
108 37 0.0001
108 37 0.0001
108 37 0.0001
108 37 0.0001
108 37 0.0001
108 37 0.0001
108 37 0.0001
108 37 0.0001
108 37 0.0001
108 37 0.0001
108 37 0.0001
108 37 0.0001
108 37 0.0001
108 37 0.0001
109 37 0.0001
109 37 0.0001
109 37 0.0001
109 37 0.0001
109 37 0.0001
109 37 0.0001
109 37 0.0001
109 37 0.0001
109 37 0.0001
109 37 0.0001
109 37 0.0001
109 37 0.0001
109 37 0.0001
109 37 0.0001
109 37 0.0001
109 37 0.0001
109 37 0.0001
109 37 0.0001
109 37 0.0001
109 37 0.0001
109 37 0.0001
109 37 0.0001
109 37 0.0001
109 37 0.0001
110 37 0.0001
110 37 0.0001
110 37 0.0001
110 37 0.0001
110 37 0.0001
110 37 0.0001
110 37 0.0001
110 37 0.0001
110 37 0.0001
110 37 0.0001
110 37 0.0001
110 37 0.0001
110 37 0.0001
110 37 0.0001
110 37 0.0001
110 37 0.0001
110 37 0.0001
110 37 0.0001
110 37 0.0001
110 37 0.0001
110 37 0.0001
110 37 0.0001
110 37 0.0001
110 37 0.0001
111 37 0.0001
111 37 0.08
111 37 0.0001
111 37 0.0001
111 37 0.0001
111 37 0.08
111 37 0.0001
111 37 0.0001
111 37 0.0001
111 37 0.0001
111 37 0.0001
111 37 0.08
111 37 0.08
111 37 0.0001
111 37 0.08
111 37 0.08
111 37 0.0001
111 37 0.0001
111 37 0.0001
111 37 0.0001
111 37 0.0001
111 37 0.0001
111 37 0.0001
111 37 0.0001
38 39 1e-008
38 40 1e-008
38 41 1e-008
38 42 1e-008
38 43 1e-008
38 44 1e-008
38 45 1e-008
38 46 1e-008
38 47 1e-008
38 48 1e-008
38 49 1e-008
38 50 1e-008
38 51 1e-008
38 52 1e-008
38 53 1e-008
38 54 1e-008
38 55 1e-008
38 56 1e-008
38 57 1e-008
38 58 1e-008
38 59 1e-008
38 60 1e-008
38 61 1e-008
38 62 1e-008
38 63 1e-008
38 64 1e-008
38 65 1e-008
38 66 1e-008
38 67 1e-008
38 68 1e-008
38 69 1e-008
38 70 1e-008
38 71 1e-008
38 72 1e-008
38 73 1e-008
38 74 1e-008
38 75 1e-008
38 76 1e-008
38 77 1e-008
38 78 1e-008
38 79 1e-008
38 80 1e-008
38 81 1e-008
38 82 1e-008
38 83 1e-008
38 84 1e-008
38 85 1e-008
38 86 1e-008
38 87 1e-008
38 88 1e-008
38 89 1e-008
38 90 1e-008
38 91 1e-008
38 92 1e-008
38 93 1e-008
38 94 1e-008
38 95 1e-008
38 96 1e-008
38 97 1e-008
38 98 1e-008
38 99 1e-008
38 100 1e-008
38 101 1e-008
38 102 1e-008
38 103 1e-008
38 104 1e-008
38 105 1e-008
38 106 1e-008
38 107 1e-008
38 108 1e-008
38 109 1e-008
38 110 1e-008
38 111 1e-008
39 40 1e-008
39 41 1e-008
39 42 1e-008
39 43 1e-008
39 44 1e-008
39 45 1e-008
39 46 1e-008
39 47 1e-008
39 48 1e-008
39 49 1e-008
39 50 1e-008
39 51 1e-008
39 52 1e-008
39 53 1e-008
39 54 1e-008
39 55 1e-008
39 56 1e-008
39 57 1e-008
39 58 1e-008
39 59 1e-008
39 60 1e-008
39 61 1e-008
39 62 1e-008
39 63 1e-008
39 64 1e-008
39 65 1e-008
39 66 1e-008
39 67 1e-008
39 68 1e-008
39 69 1e-008
39 70 1e-008
39 71 1e-008
39 72 1e-008
39 73 1e-008
39 74 1e-008
39 75 1e-008
39 76 1e-008
39 77 1e-008
39 78 1e-008
39 79 1e-008
39 80 1e-008
39 81 1e-008
39 82 1e-008
39 83 1e-008
39 84 1e-008
39 85 1e-008
39 86 1e-008
39 87 1e-008
39 88 1e-008
39 89 1e-008
39 90 1e-008
39 91 1e-008
39 92 1e-008
39 93 1e-008
39 94 1e-008
39 95 1e-008
39 96 1e-008
39 97 1e-008
39 98 1e-008
39 99 1e-008
39 100 1e-008
39 101 1e-008
39 102 1e-008
39 103 1e-008
39 104 1e-008
39 105 1e-008
39 106 1e-008
39 107 1e-008
39 108 1e-008
39 109 1e-008
39 110 1e-008
39 111 1e-008
40 41 1e-008
40 42 1e-008
40 43 1e-008
40 44 1e-008
40 45 1e-008
40 46 1e-008
40 47 1e-008
40 48 1e-008
40 49 1e-008
40 50 1e-008
40 51 1e-008
40 52 1e-008
40 53 1e-008
40 54 1e-008
40 55 1e-008
40 56 1e-008
40 57 1e-008
40 58 1e-008
40 59 1e-008
40 60 1e-008
40 61 1e-008
40 62 1e-008
40 63 1e-008
40 64 1e-008
40 65 1e-008
40 66 1e-008
40 67 1e-008
40 68 1e-008
40 69 1e-008
40 70 1e-008
40 71 1e-008
40 72 1e-008
40 73 1e-008
40 74 1e-008
40 75 1e-008
40 76 1e-008
40 77 1e-008
40 78 1e-008
40 79 1e-008
40 80 1e-008
40 81 1e-008
40 82 1e-008
40 83 1e-008
40 84 1e-008
40 85 1e-008
40 86 1e-008
40 87 1e-008
40 88 1e-008
40 89 1e-008
40 90 1e-008
40 91 1e-008
40 92 1e-008
40 93 1e-008
40 94 1e-008
40 95 1e-008
40 96 1e-008
40 97 1e-008
40 98 1e-008
40 99 1e-008
40 100 1e-008
40 101 1e-008
40 102 1e-008
40 103 1e-008
40 104 1e-008
40 105 1e-008
40 106 1e-008
40 107 1e-008
108 40 0.0001
108 40 0.0001
108 40 0.0001
108 40 0.0001
108 40 0.0001
108 40 0.0001
108 40 0.0001
108 40 0.0001
108 40 0.0001
108 40 0.0001
108 40 0.0001
108 40 0.0001
108 40 0.0001
108 40 0.0001
108 40 0.0001
108 40 0.0001
108 40 0.0001
108 40 0.0001
108 40 0.0001
108 40 0.0001
108 40 0.0001
108 40 0.0001
108 40 0.0001
108 40 0.0001
109 40 0.0001
109 40 0.0001
109 40 0.0001
109 40 0.0001
109 40 0.0001
109 40 0.0001
109 40 0.0001
109 40 0.0001
109 40 0.0001
109 40 0.0001
109 40 0.0001
109 40 0.0001
109 40 0.0001
109 40 0.0001
109 40 0.0001
109 40 0.0001
109 40 0.0001
109 40 0.0001
109 40 0.0001
109 40 0.0001
109 40 0.0001
109 40 0.0001
109 40 0.0001
109 40 0.0001
110 40 0.0001
110 40 0.0001
110 40 0.0001
110 40 0.0001
110 40 0.0001
110 40 0.0001
110 40 0.0001
110 40 0.0001
110 40 0.0001
110 40 0.0001
110 40 0.0001
110 40 0.0001
110 40 0.0001
110 40 0.0001
110 40 0.0001
110 40 0.0001
110 40 0.0001
110 40 0.0001
110 40 0.0001
110 40 0.0001
110 40 0.0001
110 40 0.0001
110 40 0.0001
110 40 0.0001
111 40 0.0001
111 40 0.0001
111 40 0.0001
111 40 0.08
111 40 0.0001
111 40 0.0001
111 40 0.0001
111 40 0.0001
111 40 0.08
111 40 0.0001
111 40 0.0001
111 40 0.08
111 40 0.0001
111 40 0.08
111 40 0.08
111 40 0.08
111 40 0.08
111 40 0.0001
111 40 0.0001
111 40 0.0001
111 40 0.0001
111 40 0.0001
111 40 0.08
111 40 0.0001
41 42 1e-008
41 43 1e-008
41 44 1e-008
41 45 1e-008
41 46 1e-008
41 47 1e-008
41 48 1e-008
41 49 1e-008
41 50 1e-008
41 51 1e-008
41 52 1e-008
41 53 1e-008
41 54 1e-008
41 55 1e-008
41 56 1e-008
41 57 1e-008
41 58 1e-008
41 59 1e-008
41 60 1e-008
41 61 1e-008
41 62 1e-008
41 63 1e-008
41 64 1e-008
41 65 1e-008
41 66 1e-008
41 67 1e-008
41 68 1e-008
41 69 1e-008
41 70 1e-008
41 71 1e-008
41 72 1e-008
41 73 1e-008
41 74 1e-008
41 75 1e-008
41 76 1e-008
41 77 1e-008
41 78 1e-008
41 79 1e-008
41 80 1e-008
41 81 1e-008
41 82 1e-008
41 83 1e-008
41 84 1e-008
41 85 1e-008
41 86 1e-008
41 87 1e-008
41 88 1e-008
41 89 1e-008
41 90 1e-008
41 91 1e-008
41 92 1e-008
41 93 1e-008
41 94 1e-008
41 95 1e-008
41 96 1e-008
41 97 1e-008
41 98 1e-008
41 99 1e-008
41 100 1e-008
41 101 1e-008
41 102 1e-008
41 103 1e-008
41 104 1e-008
41 105 1e-008
41 106 1e-008
41 107 1e-008
108 41 0.0001
108 41 0.0001
108 41 0.0001
108 41 0.0001
108 41 0.0001
108 41 0.0001
108 41 0.0001
108 41 0.0001
108 41 0.0001
108 41 0.0001
108 41 0.0001
108 41 0.0001
108 41 0.0001
108 41 0.0001
108 41 0.0001
108 41 0.0001
108 41 0.0001
108 41 0.0001
108 41 0.0001
108 41 0.0001
108 41 0.0001
108 41 0.0001
108 41 0.0001
108 41 0.0001
109 41 0.0001
109 41 0.0001
109 41 0.0001
109 41 0.0001
109 41 0.0001
109 41 0.0001
109 41 0.0001
109 41 0.0001
109 41 0.0001
109 41 0.0001
109 41 0.0001
109 41 0.0001
109 41 0.0001
109 41 0.0001
109 41 0.0001
109 41 0.0001
109 41 0.0001
109 41 0.0001
109 41 0.0001
109 41 0.0001
109 41 0.0001
109 41 0.0001
109 41 0.0001
109 41 0.0001
110 41 0.0001
110 41 0.0001
110 41 0.0001
110 41 0.0001
110 41 0.0001
110 41 0.0001
110 41 0.0001
110 41 0.0001
110 41 0.0001
110 41 0.0001
110 41 0.0001
110 41 0.0001
110 41 0.0001
110 41 0.0001
110 41 0.0001
110 41 0.0001
110 41 0.0001
110 41 0.0001
110 41 0.0001
110 41 0.0001
110 41 0.0001
110 41 0.0001
110 41 0.0001
110 41 0.0001
111 41 0.0001
111 41 0.08
111 41 0.08
111 41 0.0001
111 41 0.08
111 41 0.0001
111 41 0.0001
111 41 0.0001
111 41 0.0001
111 41 0.0001
111 41 0.0001
111 41 0.08
111 41 0.08
111 41 0.0001
111 41 0.0001
111 41 0.08
111 41 0.0001
111 41 0.0001
111 41 0.0001
111 41 0.0001
111 41 0.0001
111 41 0.0001
111 41 0.08
111 41 0.0001
42 43 1e-008
42 44 1e-008
42 45 1e-008
42 46 1e-008
42 47 1e-008
42 48 1e-008
42 49 1e-008
42 50 1e-008
42 51 1e-008
42 52 1e-008
42 53 1e-008
42 54 1e-008
42 55 1e-008
42 56 1e-008
42 57 1e-008
42 58 1e-008
42 59 1e-008
42 60 1e-008
42 61 1e-008
42 62 1e-008
42 63 1e-008
42 64 1e-008
42 65 1e-008
42 66 1e-008
42 67 1e-008
42 68 1e-008
42 69 1e-008
42 70 1e-008
42 71 1e-008
42 72 1e-008
42 73 1e-008
42 74 1e-008
42 75 1e-008
42 76 1e-008
42 77 1e-008
42 78 1e-008
42 79 1e-008
42 80 1e-008
42 81 1e-008
42 82 1e-008
42 83 1e-008
42 84 1e-008
42 85 1e-008
42 86 1e-008
42 87 1e-008
42 88 1e-008
42 89 1e-008
42 90 1e-008
42 91 1e-008
42 92 1e-008
42 93 1e-008
42 94 1e-008
42 95 1e-008
42 96 1e-008
42 97 1e-008
42 98 1e-008
42 99 1e-008
42 100 1e-008
42 101 1e-008
42 102 1e-008
42 103 1e-008
42 104 1e-008
42 105 1e-008
42 106 1e-008
42 107 1e-008
42 108 1e-008
42 109 1e-008
42 110 1e-008
42 111 1e-008
43 44 1e-008
43 45 1e-008
43 46 1e-008
43 47 1e-008
43 48 1e-008
43 49 1e-008
43 50 1e-008
43 51 1e-008
43 52 1e-008
43 53 1e-008
43 54 1e-008
43 55 1e-008
43 56 1e-008
43 57 1e-008
43 58 1e-008
43 59 1e-008
43 60 1e-008
43 61 1e-008
43 62 1e-008
43 63 1e-008
43 64 1e-008
43 65 1e-008
43 66 1e-008
43 67 1e-008
43 68 1e-008
43 69 1e-008
43 70 1e-008
43 71 1e-008
43 72 1e-008
43 73 1e-008
43 74 1e-008
43 75 1e-008
43 76 1e-008
43 77 1e-008
43 78 1e-008
43 79 1e-008
43 80 1e-008
43 81 1e-008
43 82 1e-008
43 83 1e-008
43 84 1e-008
43 85 1e-008
43 86 1e-008
43 87 1e-008
43 88 1e-008
43 89 1e-008
43 90 1e-008
43 91 1e-008
43 92 1e-008
43 93 1e-008
43 94 1e-008
43 95 1e-008
43 96 1e-008
43 97 1e-008
43 98 1e-008
43 99 1e-008
43 100 1e-008
43 101 1e-008
43 102 1e-008
43 103 1e-008
43 104 1e-008
43 105 1e-008
43 106 1e-008
43 107 1e-008
43 108 1e-008
43 109 1e-008
43 110 1e-008
43 111 1e-008
44 45 1e-008
44 46 1e-008
44 47 1e-008
44 48 1e-008
44 49 1e-008
44 50 1e-008
44 51 1e-008
44 52 1e-008
44 53 1e-008
44 54 1e-008
44 55 1e-008
44 56 1e-008
44 57 1e-008
44 58 1e-008
44 59 1e-008
44 60 1e-008
44 61 1e-008
44 62 1e-008
44 63 1e-008
44 64 1e-008
44 65 1e-008
44 66 1e-008
44 67 1e-008
44 68 1e-008
44 69 1e-008
44 70 1e-008
44 71 1e-008
44 72 1e-008
44 73 1e-008
44 74 1e-008
44 75 1e-008
44 76 1e-008
44 77 1e-008
44 78 1e-008
44 79 1e-008
44 80 1e-008
44 81 1e-008
44 82 1e-008
44 83 1e-008
44 84 1e-008
44 85 1e-008
44 86 1e-008
44 87 1e-008
44 88 1e-008
44 89 1e-008
44 90 1e-008
44 91 1e-008
44 92 1e-008
44 93 1e-008
44 94 1e-008
44 95 1e-008
44 96 1e-008
44 97 1e-008
44 98 1e-008
44 99 1e-008
44 100 1e-008
44 101 1e-008
44 102 1e-008
44 103 1e-008
44 104 1e-008
44 105 1e-008
44 106 1e-008
44 107 1e-008
108 44 0.0001
108 44 0.0001
108 44 0.0001
108 44 0.0001
108 44 0.0001
108 44 0.0001
108 44 0.0001
108 44 0.0001
108 44 0.0001
108 44 0.0001
108 44 0.0001
108 44 0.0001
108 44 0.0001
108 44 0.0001
108 44 0.0001
108 44 0.0001
108 44 0.0001
108 44 0.0001
108 44 0.0001
108 44 0.0001
108 44 0.0001
108 44 0.0001
108 44 0.0001
108 44 0.0001
109 44 0.0001
109 44 0.0001
109 44 0.0001
109 44 0.0001
109 44 0.0001
109 44 0.0001
109 44 0.0001
109 44 0.0001
109 44 0.0001
109 44 0.0001
109 44 0.0001
109 44 0.0001
109 44 0.0001
109 44 0.0001
109 44 0.0001
109 44 0.0001
109 44 0.0001
109 44 0.0001
109 44 0.0001
109 44 0.0001
109 44 0.0001
109 44 0.0001
109 44 0.0001
109 44 0.0001
110 44 0.0001
110 44 0.0001
110 44 0.0001
110 44 0.0001
110 44 0.0001
110 44 0.0001
110 44 0.0001
110 44 0.0001
110 44 0.0001
110 44 0.0001
110 44 0.0001
110 44 0.0001
110 44 0.0001
110 44 0.0001
110 44 0.0001
110 44 0.0001
110 44 0.0001
110 44 0.0001
110 44 0.0001
110 44 0.0001
110 44 0.0001
110 44 0.0001
110 44 0.0001
110 44 0.0001
111 44 0.0001
111 44 0.0001
111 44 0.0001
111 44 0.0001
111 44 0.0001
111 44 0.0001
111 44 0.0001
111 44 0.0001
111 44 0.0001
111 44 0.08
111 44 0.0001
111 44 0.0001
111 44 0.0001
111 44 0.08
111 44 0.0001
111 44 0.0001
111 44 0.0001
111 44 0.0001
111 44 0.08
111 44 0.08
111 44 0.0001
111 44 0.0001
111 44 0.08
111 44 0.0001
45 46 1e-008
45 47 1e-008
45 48 1e-008
45 49 1e-008
45 50 1e-008
45 51 1e-008
45 52 1e-008
45 53 1e-008
45 54 1e-008
45 55 1e-008
45 56 1e-008
45 57 1e-008
45 58 1e-008
45 59 1e-008
45 60 1e-008
45 61 1e-008
45 62 1e-008
45 63 1e-008
45 64 1e-008
45 65 1e-008
45 66 1e-008
45 67 1e-008
45 68 1e-008
45 69 1e-008
45 70 1e-008
45 71 1e-008
45 72 1e-008
45 73 1e-008
45 74 1e-008
45 75 1e-008
45 76 1e-008
45 77 1e-008
45 78 1e-008
45 79 1e-008
45 80 1e-008
45 81 1e-008
45 82 1e-008
45 83 1e-008
45 84 1e-008
45 85 1e-008
45 86 1e-008
45 87 1e-008
45 88 1e-008
45 89 1e-008
45 90 1e-008
45 91 1e-008
45 92 1e-008
45 93 1e-008
45 94 1e-008
45 95 1e-008
45 96 1e-008
45 97 1e-008
45 98 1e-008
45 99 1e-008
45 100 1e-008
45 101 1e-008
45 102 1e-008
45 103 1e-008
45 104 1e-008
45 105 1e-008
45 106 1e-008
45 107 1e-008
108 45 0.0001
108 45 0.0001
108 45 0.0001
108 45 0.0001
108 45 0.0001
108 45 0.0001
108 45 0.0001
108 45 0.0001
108 45 0.0001
108 45 0.0001
108 45 0.0001
108 45 0.0001
108 45 0.0001
108 45 0.0001
108 45 0.0001
108 45 0.0001
108 45 0.0001
108 45 0.0001
108 45 0.0001
108 45 0.0001
108 45 0.0001
108 45 0.0001
108 45 0.0001
108 45 0.0001
109 45 0.0001
109 45 0.0001
109 45 0.0001
109 45 0.0001
109 45 0.0001
109 45 0.0001
109 45 0.0001
109 45 0.0001
109 45 0.0001
109 45 0.0001
109 45 0.0001
109 45 0.0001
109 45 0.0001
109 45 0.0001
109 45 0.0001
109 45 0.0001
109 45 0.0001
109 45 0.0001
109 45 0.0001
109 45 0.0001
109 45 0.0001
109 45 0.0001
109 45 0.0001
109 45 0.0001
110 45 0.0001
110 45 0.0001
110 45 0.0001
110 45 0.0001
110 45 0.0001
110 45 0.0001
110 45 0.0001
110 45 0.0001
110 45 0.0001
110 45 0.0001
110 45 0.0001
110 45 0.0001
110 45 0.0001
110 45 0.0001
110 45 0.0001
110 45 0.0001
110 45 0.0001
110 45 0.0001
110 45 0.0001
110 45 0.0001
110 45 0.0001
110 45 0.0001
110 45 0.0001
110 45 0.0001
111 45 0.08
111 45 0.08
111 45 0.0001
111 45 0.0001
111 45 0.0001
111 45 0.0001
111 45 0.0001
111 45 0.08
111 45 0.0001
111 45 0.0001
111 45 0.0001
111 45 0.0001
111 45 0.0001
111 45 0.08
111 45 0.0001
111 45 0.0001
111 45 0.08
111 45 0.08
111 45 0.0001
111 45 0.0001
111 45 0.08
111 45 0.0001
111 45 0.0001
111 45 0.0001
46 47 1e-008
46 48 1e-008
46 49 1e-008
46 50 1e-008
46 51 1e-008
46 52 1e-008
46 53 1e-008
46 54 1e-008
46 55 1e-008
46 56 1e-008
46 57 1e-008
46 58 1e-008
46 59 1e-008
46 60 1e-008
46 61 1e-008
46 62 1e-008
46 63 1e-008
46 64 1e-008
46 65 1e-008
46 66 1e-008
46 67 1e-008
46 68 1e-008
46 69 1e-008
46 70 1e-008
46 71 1e-008
46 72 1e-008
46 73 1e-008
46 74 1e-008
46 75 1e-008
46 76 1e-008
46 77 1e-008
46 78 1e-008
46 79 1e-008
46 80 1e-008
46 81 1e-008
46 82 1e-008
46 83 1e-008
46 84 1e-008
46 85 1e-008
46 86 1e-008
46 87 1e-008
46 88 1e-008
46 89 1e-008
46 90 1e-008
46 91 1e-008
46 92 1e-008
46 93 1e-008
46 94 1e-008
46 95 1e-008
46 96 1e-008
46 97 1e-008
46 98 1e-008
46 99 1e-008
46 100 1e-008
46 101 1e-008
46 102 1e-008
46 103 1e-008
46 104 1e-008
46 105 1e-008
46 106 1e-008
46 107 1e-008
46 108 1e-008
46 109 1e-008
46 110 1e-008
46 111 1e-008
47 48 1e-008
47 49 1e-008
47 50 1e-008
47 51 1e-008
47 52 1e-008
47 53 1e-008
47 54 1e-008
47 55 1e-008
47 56 1e-008
47 57 1e-008
47 58 1e-008
47 59 1e-008
47 60 1e-008
47 61 1e-008
47 62 1e-008
47 63 1e-008
47 64 1e-008
47 65 1e-008
47 66 1e-008
47 67 1e-008
47 68 1e-008
47 69 1e-008
47 70 1e-008
47 71 1e-008
47 72 1e-008
47 73 1e-008
47 74 1e-008
47 75 1e-008
47 76 1e-008
47 77 1e-008
47 78 1e-008
47 79 1e-008
47 80 1e-008
47 81 1e-008
47 82 1e-008
47 83 1e-008
47 84 1e-008
47 85 1e-008
47 86 1e-008
47 87 1e-008
47 88 1e-008
47 89 1e-008
47 90 1e-008
47 91 1e-008
47 92 1e-008
47 93 1e-008
47 94 1e-008
47 95 1e-008
47 96 1e-008
47 97 1e-008
47 98 1e-008
47 99 1e-008
47 100 1e-008
47 101 1e-008
47 102 1e-008
47 103 1e-008
47 104 1e-008
47 105 1e-008
47 106 1e-008
47 107 1e-008
47 108 1e-008
47 109 1e-008
47 110 1e-008
47 111 1e-008
48 49 1e-008
48 50 1e-008
48 51 1e-008
48 52 1e-008
48 53 1e-008
48 54 1e-008
48 55 1e-008
48 56 1e-008
48 57 1e-008
48 58 1e-008
48 59 1e-008
48 60 1e-008
48 61 1e-008
48 62 1e-008
48 63 1e-008
48 64 1e-008
48 65 1e-008
48 66 1e-008
48 67 1e-008
48 68 1e-008
48 69 1e-008
48 70 1e-008
48 71 1e-008
48 72 1e-008
48 73 1e-008
48 74 1e-008
48 75 1e-008
48 76 1e-008
48 77 1e-008
48 78 1e-008
48 79 1e-008
48 80 1e-008
48 81 1e-008
48 82 1e-008
48 83 1e-008
48 84 1e-008
48 85 1e-008
48 86 1e-008
48 87 1e-008
48 88 1e-008
48 89 1e-008
48 90 1e-008
48 91 1e-008
48 92 1e-008
48 93 1e-008
48 94 1e-008
48 95 1e-008
48 96 1e-008
48 97 1e-008
48 98 1e-008
48 99 1e-008
48 100 1e-008
48 101 1e-008
48 102 1e-008
48 103 1e-008
48 104 1e-008
48 105 1e-008
48 106 1e-008
48 107 1e-008
108 48 0.0001
108 48 0.0001
108 48 0.0001
108 48 0.0001
108 48 0.0001
108 48 0.0001
108 48 0.0001
108 48 0.0001
108 48 0.0001
108 48 0.0001
108 48 0.0001
108 48 0.0001
108 48 0.0001
108 48 0.0001
108 48 0.0001
108 48 0.0001
108 48 0.0001
108 48 0.0001
108 48 0.0001
108 48 0.0001
108 48 0.0001
108 48 0.0001
108 48 0.0001
108 48 0.0001
109 48 0.0001
109 48 0.0001
109 48 0.0001
109 48 0.0001
109 48 0.0001
109 48 0.0001
109 48 0.0001
109 48 0.0001
109 48 0.0001
109 48 0.0001
109 48 0.0001
109 48 0.0001
109 48 0.0001
109 48 0.0001
109 48 0.0001
109 48 0.0001
109 48 0.0001
109 48 0.0001
109 48 0.0001
109 48 0.0001
109 48 0.0001
109 48 0.0001
109 48 0.0001
109 48 0.0001
110 48 0.0001
110 48 0.0001
110 48 0.0001
110 48 0.0001
110 48 0.0001
110 48 0.0001
110 48 0.0001
110 48 0.0001
110 48 0.0001
110 48 0.0001
110 48 0.0001
110 48 0.0001
110 48 0.0001
110 48 0.0001
110 48 0.0001
110 48 0.0001
110 48 0.0001
110 48 0.0001
110 48 0.0001
110 48 0.0001
110 48 0.0001
110 48 0.0001
110 48 0.0001
110 48 0.0001
111 48 0.0001
111 48 0.0001
111 48 0.0001
111 48 0.0001
111 48 0.08
111 48 0.0001
111 48 0.08
111 48 0.0001
111 48 0.0001
111 48 0.0001
111 48 0.08
111 48 0.0001
111 48 0.08
111 48 0.0001
111 48 0.0001
111 48 0.08
111 48 0.08
111 48 0.0001
111 48 0.0001
111 48 0.0001
111 48 0.0001
111 48 0.0001
111 48 0.08
111 48 0.08
49 50 1e-008
49 51 1e-008
49 52 1e-008
49 53 1e-008
49 54 1e-008
49 55 1e-008
49 56 1e-008
49 57 1e-008
49 58 1e-008
49 59 1e-008
49 60 1e-008
49 61 1e-008
49 62 1e-008
49 63 1e-008
49 64 1e-008
49 65 1e-008
49 66 1e-008
49 67 1e-008
49 68 1e-008
49 69 1e-008
49 70 1e-008
49 71 1e-008
49 72 1e-008
49 73 1e-008
49 74 1e-008
49 75 1e-008
49 76 1e-008
49 77 1e-008
49 78 1e-008
49 79 1e-008
49 80 1e-008
49 81 1e-008
49 82 1e-008
49 83 1e-008
49 84 1e-008
49 85 1e-008
49 86 1e-008
49 87 1e-008
49 88 1e-008
49 89 1e-008
49 90 1e-008
49 91 1e-008
49 92 1e-008
49 93 1e-008
49 94 1e-008
49 95 1e-008
49 96 1e-008
49 97 1e-008
49 98 1e-008
49 99 1e-008
49 100 1e-008
49 101 1e-008
49 102 1e-008
49 103 1e-008
49 104 1e-008
49 105 1e-008
49 106 1e-008
49 107 1e-008
108 49 0.0001
108 49 0.0001
108 49 0.0001
108 49 0.0001
108 49 0.0001
108 49 0.0001
108 49 0.0001
108 49 0.0001
108 49 0.0001
108 49 0.0001
108 49 0.0001
108 49 0.0001
108 49 0.0001
108 49 0.0001
108 49 0.0001
108 49 0.0001
108 49 0.0001
108 49 0.0001
108 49 0.0001
108 49 0.0001
108 49 0.0001
108 49 0.0001
108 49 0.0001
108 49 0.0001
109 49 0.0001
109 49 0.0001
109 49 0.0001
109 49 0.0001
109 49 0.0001
109 49 0.0001
109 49 0.0001
109 49 0.0001
109 49 0.0001
109 49 0.0001
109 49 0.0001
109 49 0.0001
109 49 0.0001
109 49 0.0001
109 49 0.0001
109 49 0.0001
109 49 0.0001
109 49 0.0001
109 49 0.0001
109 49 0.0001
109 49 0.0001
109 49 0.0001
109 49 0.0001
109 49 0.0001
110 49 0.0001
110 49 0.0001
110 49 0.0001
110 49 0.0001
110 49 0.0001
110 49 0.0001
110 49 0.0001
110 49 0.0001
110 49 0.0001
110 49 0.0001
110 49 0.0001
110 49 0.0001
110 49 0.0001
110 49 0.0001
110 49 0.0001
110 49 0.0001
110 49 0.0001
110 49 0.0001
110 49 0.0001
110 49 0.0001
110 49 0.0001
110 49 0.0001
110 49 0.0001
110 49 0.0001
111 49 0.08
111 49 0.0001
111 49 0.08
111 49 0.0001
111 49 0.08
111 49 0.0001
111 49 0.08
111 49 0.08
111 49 0.0001
111 49 0.08
111 49 0.08
111 49 0.0001
111 49 0.0001
111 49 0.0001
111 49 0.08
111 49 0.0001
111 49 0.0001
111 49 0.0001
111 49 0.08
111 49 0.0001
111 49 0.0001
111 49 0.0001
111 49 0.08
111 49 0.0001
50 51 1e-008
50 52 1e-008
50 53 1e-008
50 54 1e-008
50 55 1e-008
50 56 1e-008
50 57 1e-008
50 58 1e-008
50 59 1e-008
50 60 1e-008
50 61 1e-008
50 62 1e-008
50 63 1e-008
50 64 1e-008
50 65 1e-008
50 66 1e-008
50 67 1e-008
50 68 1e-008
50 69 1e-008
50 70 1e-008
50 71 1e-008
50 72 1e-008
50 73 1e-008
50 74 1e-008
50 75 1e-008
50 76 1e-008
50 77 1e-008
50 78 1e-008
50 79 1e-008
50 80 1e-008
50 81 1e-008
50 82 1e-008
50 83 1e-008
50 84 1e-008
50 85 1e-008
50 86 1e-008
50 87 1e-008
50 88 1e-008
50 89 1e-008
50 90 1e-008
50 91 1e-008
50 92 1e-008
50 93 1e-008
50 94 1e-008
50 95 1e-008
50 96 1e-008
50 97 1e-008
50 98 1e-008
50 99 1e-008
50 100 1e-008
50 101 1e-008
50 102 1e-008
50 103 1e-008
50 104 1e-008
50 105 1e-008
50 106 1e-008
50 107 1e-008
50 108 1e-008
50 109 1e-008
50 110 1e-008
50 111 1e-008
51 52 1e-008
51 53 1e-008
51 54 1e-008
51 55 1e-008
51 56 1e-008
51 57 1e-008
51 58 1e-008
51 59 1e-008
51 60 1e-008
51 61 1e-008
51 62 1e-008
51 63 1e-008
51 64 1e-008
51 65 1e-008
51 66 1e-008
51 67 1e-008
51 68 1e-008
51 69 1e-008
51 70 1e-008
51 71 1e-008
51 72 1e-008
51 73 1e-008
51 74 1e-008
51 75 1e-008
51 76 1e-008
51 77 1e-008
51 78 1e-008
51 79 1e-008
51 80 1e-008
51 81 1e-008
51 82 1e-008
51 83 1e-008
51 84 1e-008
51 85 1e-008
51 86 1e-008
51 87 1e-008
51 88 1e-008
51 89 1e-008
51 90 1e-008
51 91 1e-008
51 92 1e-008
51 93 1e-008
51 94 1e-008
51 95 1e-008
51 96 1e-008
51 97 1e-008
51 98 1e-008
51 99 1e-008
51 100 1e-008
51 101 1e-008
51 102 1e-008
51 103 1e-008
51 104 1e-008
51 105 1e-008
51 106 1e-008
51 107 1e-008
51 108 1e-008
51 109 1e-008
51 110 1e-008
51 111 1e-008
52 53 1e-008
52 54 1e-008
52 55 1e-008
52 56 1e-008
52 57 1e-008
52 58 1e-008
52 59 1e-008
52 60 1e-008
52 61 1e-008
52 62 1e-008
52 63 1e-008
52 64 1e-008
52 65 1e-008
52 66 1e-008
52 67 1e-008
52 68 1e-008
52 69 1e-008
52 70 1e-008
52 71 1e-008
52 72 1e-008
52 73 1e-008
52 74 1e-008
52 75 1e-008
52 76 1e-008
52 77 1e-008
52 78 1e-008
52 79 1e-008
52 80 1e-008
52 81 1e-008
52 82 1e-008
52 83 1e-008
52 84 1e-008
52 85 1e-008
52 86 1e-008
52 87 1e-008
52 88 1e-008
52 89 1e-008
52 90 1e-008
52 91 1e-008
52 92 1e-008
52 93 1e-008
52 94 1e-008
52 95 1e-008
52 96 1e-008
52 97 1e-008
52 98 1e-008
52 99 1e-008
52 100 1e-008
52 101 1e-008
52 102 1e-008
52 103 1e-008
52 104 1e-008
52 105 1e-008
52 106 1e-008
52 107 1e-008
108 52 0.0001
108 52 0.0001
108 52 0.0001
108 52 0.0001
108 52 0.0001
108 52 0.0001
108 52 0.0001
108 52 0.0001
108 52 0.0001
108 52 0.0001
108 52 0.0001
108 52 0.0001
108 52 0.0001
108 52 0.0001
108 52 0.0001
108 52 0.0001
108 52 0.0001
108 52 0.0001
108 52 0.0001
108 52 0.0001
108 52 0.0001
108 52 0.0001
108 52 0.0001
108 52 0.0001
109 52 0.0001
109 52 0.0001
109 52 0.0001
109 52 0.0001
109 52 0.0001
109 52 0.0001
109 52 0.0001
109 52 0.0001
109 52 0.0001
109 52 0.0001
109 52 0.0001
109 52 0.0001
109 52 0.0001
109 52 0.0001
109 52 0.0001
109 52 0.0001
109 52 0.0001
109 52 0.0001
109 52 0.0001
109 52 0.0001
109 52 0.0001
109 52 0.0001
109 52 0.0001
109 52 0.0001
110 52 0.0001
110 52 0.0001
110 52 0.0001
110 52 0.0001
110 52 0.0001
110 52 0.0001
110 52 0.0001
110 52 0.0001
110 52 0.0001
110 52 0.0001
110 52 0.0001
110 52 0.0001
110 52 0.0001
110 52 0.0001
110 52 0.0001
110 52 0.0001
110 52 0.0001
110 52 0.0001
110 52 0.0001
110 52 0.0001
110 52 0.0001
110 52 0.0001
110 52 0.0001
110 52 0.0001
111 52 0.0001
111 52 0.0001
111 52 0.0001
111 52 0.0001
111 52 0.0001
111 52 0.0001
111 52 0.0001
111 52 0.0001
111 52 0.0001
111 52 0.0001
111 52 0.0001
111 52 0.08
111 52 0.0001
111 52 0.08
111 52 0.0001
111 52 0.08
111 52 0.08
111 52 0.0001
111 52 0.0001
111 52 0.0001
111 52 0.0001
111 52 0.0001
111 52 0.0001
111 52 0.08
53 54 1e-008
53 55 1e-008
53 56 1e-008
53 57 1e-008
53 58 1e-008
53 59 1e-008
53 60 1e-008
53 61 1e-008
53 62 1e-008
53 63 1e-008
53 64 1e-008
53 65 1e-008
53 66 1e-008
53 67 1e-008
53 68 1e-008
53 69 1e-008
53 70 1e-008
53 71 1e-008
53 72 1e-008
53 73 1e-008
53 74 1e-008
53 75 1e-008
53 76 1e-008
53 77 1e-008
53 78 1e-008
53 79 1e-008
53 80 1e-008
53 81 1e-008
53 82 1e-008
53 83 1e-008
53 84 1e-008
53 85 1e-008
53 86 1e-008
53 87 1e-008
53 88 1e-008
53 89 1e-008
53 90 1e-008
53 91 1e-008
53 92 1e-008
53 93 1e-008
53 94 1e-008
53 95 1e-008
53 96 1e-008
53 97 1e-008
53 98 1e-008
53 99 1e-008
53 100 1e-008
53 101 1e-008
53 102 1e-008
53 103 1e-008
53 104 1e-008
53 105 1e-008
53 106 1e-008
53 107 1e-008
108 53 0.0001
108 53 0.0001
108 53 0.0001
108 53 0.0001
108 53 0.0001
108 53 0.0001
108 53 0.0001
108 53 0.0001
108 53 0.0001
108 53 0.0001
108 53 0.0001
108 53 0.0001
108 53 0.0001
108 53 0.0001
108 53 0.0001
108 53 0.0001
108 53 0.0001
108 53 0.0001
108 53 0.0001
108 53 0.0001
108 53 0.0001
108 53 0.0001
108 53 0.0001
108 53 0.0001
109 53 0.0001
109 53 0.0001
109 53 0.0001
109 53 0.0001
109 53 0.0001
109 53 0.0001
109 53 0.0001
109 53 0.0001
109 53 0.0001
109 53 0.0001
109 53 0.0001
109 53 0.0001
109 53 0.0001
109 53 0.0001
109 53 0.0001
109 53 0.0001
109 53 0.0001
109 53 0.0001
109 53 0.0001
109 53 0.0001
109 53 0.0001
109 53 0.0001
109 53 0.0001
109 53 0.0001
110 53 0.0001
110 53 0.0001
110 53 0.0001
110 53 0.0001
110 53 0.0001
110 53 0.0001
110 53 0.0001
110 53 0.0001
110 53 0.0001
110 53 0.0001
110 53 0.0001
110 53 0.0001
110 53 0.0001
110 53 0.0001
110 53 0.0001
110 53 0.0001
110 53 0.0001
110 53 0.0001
110 53 0.0001
110 53 0.0001
110 53 0.0001
110 53 0.0001
110 53 0.0001
110 53 0.0001
111 53 0.0001
111 53 0.0001
111 53 0.08
111 53 0.0001
111 53 0.0001
111 53 0.0001
111 53 0.0001
111 53 0.0001
111 53 0.08
111 53 0.08
111 53 0.0001
111 53 0.0001
111 53 0.0001
111 53 0.0001
111 53 0.0001
111 53 0.08
111 53 0.08
111 53 0.0001
111 53 0.0001
111 53 0.08
111 53 0.0001
111 53 0.0001
111 53 0.0001
111 53 0.0001
54 55 1e-008
54 56 1e-008
54 57 1e-008
54 58 1e-008
54 59 1e-008
54 60 1e-008
54 61 1e-008
54 62 1e-008
54 63 1e-008
54 64 1e-008
54 65 1e-008
54 66 1e-008
54 67 1e-008
54 68 1e-008
54 69 1e-008
54 70 1e-008
54 71 1e-008
54 72 1e-008
54 73 1e-008
54 74 1e-008
54 75 1e-008
54 76 1e-008
54 77 1e-008
54 78 1e-008
54 79 1e-008
54 80 1e-008
54 81 1e-008
54 82 1e-008
54 83 1e-008
54 84 1e-008
54 85 1e-008
54 86 1e-008
54 87 1e-008
54 88 1e-008
54 89 1e-008
54 90 1e-008
54 91 1e-008
54 92 1e-008
54 93 1e-008
54 94 1e-008
54 95 1e-008
54 96 1e-008
54 97 1e-008
54 98 1e-008
54 99 1e-008
54 100 1e-008
54 101 1e-008
54 102 1e-008
54 103 1e-008
54 104 1e-008
54 105 1e-008
54 106 1e-008
54 107 1e-008
54 108 1e-008
54 109 1e-008
54 110 1e-008
54 111 1e-008
55 56 1e-008
55 57 1e-008
55 58 1e-008
55 59 1e-008
55 60 1e-008
55 61 1e-008
55 62 1e-008
55 63 1e-008
55 64 1e-008
55 65 1e-008
55 66 1e-008
55 67 1e-008
55 68 1e-008
55 69 1e-008
55 70 1e-008
55 71 1e-008
55 72 1e-008
55 73 1e-008
55 74 1e-008
55 75 1e-008
55 76 1e-008
55 77 1e-008
55 78 1e-008
55 79 1e-008
55 80 1e-008
55 81 1e-008
55 82 1e-008
55 83 1e-008
55 84 1e-008
55 85 1e-008
55 86 1e-008
55 87 1e-008
55 88 1e-008
55 89 1e-008
55 90 1e-008
55 91 1e-008
55 92 1e-008
55 93 1e-008
55 94 1e-008
55 95 1e-008
55 96 1e-008
55 97 1e-008
55 98 1e-008
55 99 1e-008
55 100 1e-008
55 101 1e-008
55 102 1e-008
55 103 1e-008
55 104 1e-008
55 105 1e-008
55 106 1e-008
55 107 1e-008
55 108 1e-008
55 109 1e-008
55 110 1e-008
55 111 1e-008
56 57 1e-008
56 58 1e-008
56 59 1e-008
56 60 1e-008
56 61 1e-008
56 62 1e-008
56 63 1e-008
56 64 1e-008
56 65 1e-008
56 66 1e-008
56 67 1e-008
56 68 1e-008
56 69 1e-008
56 70 1e-008
56 71 1e-008
56 72 1e-008
56 73 1e-008
56 74 1e-008
56 75 1e-008
56 76 1e-008
56 77 1e-008
56 78 1e-008
56 79 1e-008
56 80 1e-008
56 81 1e-008
56 82 1e-008
56 83 1e-008
56 84 1e-008
56 85 1e-008
56 86 1e-008
56 87 1e-008
56 88 1e-008
56 89 1e-008
56 90 1e-008
56 91 1e-008
56 92 1e-008
56 93 1e-008
56 94 1e-008
56 95 1e-008
56 96 1e-008
56 97 1e-008
56 98 1e-008
56 99 1e-008
56 100 1e-008
56 101 1e-008
56 102 1e-008
56 103 1e-008
56 104 1e-008
56 105 1e-008
56 106 1e-008
56 107 1e-008
108 56 0.0001
108 56 0.0001
108 56 0.0001
108 56 0.0001
108 56 0.0001
108 56 0.0001
108 56 0.0001
108 56 0.0001
108 56 0.0001
108 56 0.0001
108 56 0.0001
108 56 0.0001
108 56 0.0001
108 56 0.0001
108 56 0.0001
108 56 0.0001
108 56 0.0001
108 56 0.0001
108 56 0.0001
108 56 0.0001
108 56 0.0001
108 56 0.0001
108 56 0.0001
108 56 0.0001
109 56 0.0001
109 56 0.0001
109 56 0.0001
109 56 0.0001
109 56 0.0001
109 56 0.0001
109 56 0.0001
109 56 0.0001
109 56 0.0001
109 56 0.0001
109 56 0.0001
109 56 0.0001
109 56 0.0001
109 56 0.0001
109 56 0.0001
109 56 0.0001
109 56 0.0001
109 56 0.0001
109 56 0.0001
109 56 0.0001
109 56 0.0001
109 56 0.0001
109 56 0.0001
109 56 0.0001
110 56 0.0001
110 56 0.0001
110 56 0.0001
110 56 0.0001
110 56 0.0001
110 56 0.0001
110 56 0.0001
110 56 0.0001
110 56 0.0001
110 56 0.0001
110 56 0.0001
110 56 0.0001
110 56 0.0001
110 56 0.0001
110 56 0.0001
110 56 0.0001
110 56 0.0001
110 56 0.0001
110 56 0.0001
110 56 0.0001
110 56 0.0001
110 56 0.0001
110 56 0.0001
110 56 0.0001
111 56 0.0001
111 56 0.0001
111 56 0.0001
111 56 0.0001
111 56 0.0001
111 56 0.0001
111 56 0.0001
111 56 0.0001
111 56 0.0001
111 56 0.0001
111 56 0.0001
111 56 0.0001
111 56 0.0001
111 56 0.0001
111 56 0.08
111 56 0.0001
111 56 0.0001
111 56 0.08
111 56 0.0001
111 56 0.0001
111 56 0.08
111 56 0.0001
111 56 0.0001
111 56 0.0001
57 58 1e-008
57 59 1e-008
57 60 1e-008
57 61 1e-008
57 62 1e-008
57 63 1e-008
57 64 1e-008
57 65 1e-008
57 66 1e-008
57 67 1e-008
57 68 1e-008
57 69 1e-008
57 70 1e-008
57 71 1e-008
57 72 1e-008
57 73 1e-008
57 74 1e-008
57 75 1e-008
57 76 1e-008
57 77 1e-008
57 78 1e-008
57 79 1e-008
57 80 1e-008
57 81 1e-008
57 82 1e-008
57 83 1e-008
57 84 1e-008
57 85 1e-008
57 86 1e-008
57 87 1e-008
57 88 1e-008
57 89 1e-008
57 90 1e-008
57 91 1e-008
57 92 1e-008
57 93 1e-008
57 94 1e-008
57 95 1e-008
57 96 1e-008
57 97 1e-008
57 98 1e-008
57 99 1e-008
57 100 1e-008
57 101 1e-008
57 102 1e-008
57 103 1e-008
57 104 1e-008
57 105 1e-008
57 106 1e-008
57 107 1e-008
108 57 0.0001
108 57 0.0001
108 57 0.0001
108 57 0.0001
108 57 0.0001
108 57 0.0001
108 57 0.0001
108 57 0.0001
108 57 0.0001
108 57 0.0001
108 57 0.0001
108 57 0.0001
108 57 0.0001
108 57 0.0001
108 57 0.0001
108 57 0.0001
108 57 0.0001
108 57 0.0001
108 57 0.0001
108 57 0.0001
108 57 0.0001
108 57 0.0001
108 57 0.0001
108 57 0.0001
109 57 0.0001
109 57 0.0001
109 57 0.0001
109 57 0.0001
109 57 0.0001
109 57 0.0001
109 57 0.0001
109 57 0.0001
109 57 0.0001
109 57 0.0001
109 57 0.0001
109 57 0.0001
109 57 0.0001
109 57 0.0001
109 57 0.0001
109 57 0.0001
109 57 0.0001
109 57 0.0001
109 57 0.0001
109 57 0.0001
109 57 0.0001
109 57 0.0001
109 57 0.0001
109 57 0.0001
110 57 0.0001
110 57 0.0001
110 57 0.0001
110 57 0.0001
110 57 0.0001
110 57 0.0001
110 57 0.0001
110 57 0.0001
110 57 0.0001
110 57 0.0001
110 57 0.0001
110 57 0.0001
110 57 0.0001
110 57 0.0001
110 57 0.0001
110 57 0.0001
110 57 0.0001
110 57 0.0001
110 57 0.0001
110 57 0.0001
110 57 0.0001
110 57 0.0001
110 57 0.0001
110 57 0.0001
111 57 0.0001
111 57 0.0001
111 57 0.0001
111 57 0.0001
111 57 0.0001
111 57 0.0001
111 57 0.0001
111 57 0.0001
111 57 0.0001
111 57 0.0001
111 57 0.0001
111 57 0.0001
111 57 0.0001
111 57 0.0001
111 57 0.0001
111 57 0.0001
111 57 0.0001
111 57 0.0001
111 57 0.0001
111 57 0.0001
111 57 0.08
111 57 0.0001
111 57 0.0001
111 57 0.0001
58 59 1e-008
58 60 1e-008
58 61 1e-008
58 62 1e-008
58 63 1e-008
58 64 1e-008
58 65 1e-008
58 66 1e-008
58 67 1e-008
58 68 1e-008
58 69 1e-008
58 70 1e-008
58 71 1e-008
58 72 1e-008
58 73 1e-008
58 74 1e-008
58 75 1e-008
58 76 1e-008
58 77 1e-008
58 78 1e-008
58 79 1e-008
58 80 1e-008
58 81 1e-008
58 82 1e-008
58 83 1e-008
58 84 1e-008
58 85 1e-008
58 86 1e-008
58 87 1e-008
58 88 1e-008
58 89 1e-008
58 90 1e-008
58 91 1e-008
58 92 1e-008
58 93 1e-008
58 94 1e-008
58 95 1e-008
58 96 1e-008
58 97 1e-008
58 98 1e-008
58 99 1e-008
58 100 1e-008
58 101 1e-008
58 102 1e-008
58 103 1e-008
58 104 1e-008
58 105 1e-008
58 106 1e-008
58 107 1e-008
58 108 1e-008
58 109 1e-008
58 110 1e-008
58 111 1e-008
59 60 1e-008
59 61 1e-008
59 62 1e-008
59 63 1e-008
59 64 1e-008
59 65 1e-008
59 66 1e-008
59 67 1e-008
59 68 1e-008
59 69 1e-008
59 70 1e-008
59 71 1e-008
59 72 1e-008
59 73 1e-008
59 74 1e-008
59 75 1e-008
59 76 1e-008
59 77 1e-008
59 78 1e-008
59 79 1e-008
59 80 1e-008
59 81 1e-008
59 82 1e-008
59 83 1e-008
59 84 1e-008
59 85 1e-008
59 86 1e-008
59 87 1e-008
59 88 1e-008
59 89 1e-008
59 90 1e-008
59 91 1e-008
59 92 1e-008
59 93 1e-008
59 94 1e-008
59 95 1e-008
59 96 1e-008
59 97 1e-008
59 98 1e-008
59 99 1e-008
59 100 1e-008
59 101 1e-008
59 102 1e-008
59 103 1e-008
59 104 1e-008
59 105 1e-008
59 106 1e-008
59 107 1e-008
59 108 1e-008
59 109 1e-008
59 110 1e-008
59 111 1e-008
60 61 1e-008
60 62 1e-008
60 63 1e-008
60 64 1e-008
60 65 1e-008
60 66 1e-008
60 67 1e-008
60 68 1e-008
60 69 1e-008
60 70 1e-008
60 71 1e-008
60 72 1e-008
60 73 1e-008
60 74 1e-008
60 75 1e-008
60 76 1e-008
60 77 1e-008
60 78 1e-008
60 79 1e-008
60 80 1e-008
60 81 1e-008
60 82 1e-008
60 83 1e-008
60 84 1e-008
60 85 1e-008
60 86 1e-008
60 87 1e-008
60 88 1e-008
60 89 1e-008
60 90 1e-008
60 91 1e-008
60 92 1e-008
60 93 1e-008
60 94 1e-008
60 95 1e-008
60 96 1e-008
60 97 1e-008
60 98 1e-008
60 99 1e-008
60 100 1e-008
60 101 1e-008
60 102 1e-008
60 103 1e-008
60 104 1e-008
60 105 1e-008
60 106 1e-008
60 107 1e-008
108 60 0.0001
108 60 0.08
108 60 0.0001
108 60 0.0001
108 60 0.0001
108 60 0.0001
108 60 0.0001
108 60 0.0001
108 60 0.0001
108 60 0.0001
108 60 0.0001
108 60 0.0001
108 60 0.0001
108 60 0.0001
108 60 0.0001
108 60 0.08
108 60 0.0001
108 60 0.08
108 60 0.0001
108 60 0.0001
108 60 0.0001
108 60 0.0001
108 60 0.0001
108 60 0.08
109 60 0.0001
109 60 0.0001
109 60 0.0001
109 60 0.0001
109 60 0.0001
109 60 0.0001
109 60 0.0001
109 60 0.0001
109 60 0.0001
109 60 0.0001
109 60 0.0001
109 60 0.0001
109 60 0.0001
109 60 0.0001
109 60 0.0001
109 60 0.0001
109 60 0.0001
109 60 0.0001
109 60 0.0001
109 60 0.0001
109 60 0.0001
109 60 0.0001
109 60 0.0001
109 60 0.0001
110 60 0.0001
110 60 0.0001
110 60 0.0001
110 60 0.0001
110 60 0.0001
110 60 0.0001
110 60 0.0001
110 60 0.0001
110 60 0.0001
110 60 0.0001
110 60 0.0001
110 60 0.0001
110 60 0.0001
110 60 0.0001
110 60 0.0001
110 60 0.0001
110 60 0.0001
110 60 0.0001
110 60 0.0001
110 60 0.0001
110 60 0.0001
110 60 0.0001
110 60 0.0001
110 60 0.0001
111 60 0.0001
111 60 0.0001
111 60 0.0001
111 60 0.0001
111 60 0.0001
111 60 0.0001
111 60 0.0001
111 60 0.0001
111 60 0.0001
111 60 0.0001
111 60 0.0001
111 60 0.0001
111 60 0.0001
111 60 0.0001
111 60 0.0001
111 60 0.0001
111 60 0.0001
111 60 0.0001
111 60 0.0001
111 60 0.0001
111 60 0.0001
111 60 0.0001
111 60 0.0001
111 60 0.0001
61 62 1e-008
61 63 1e-008
61 64 1e-008
61 65 1e-008
61 66 1e-008
61 67 1e-008
61 68 1e-008
61 69 1e-008
61 70 1e-008
61 71 1e-008
61 72 1e-008
61 73 1e-008
61 74 1e-008
61 75 1e-008
61 76 1e-008
61 77 1e-008
61 78 1e-008
61 79 1e-008
61 80 1e-008
61 81 1e-008
61 82 1e-008
61 83 1e-008
61 84 1e-008
61 85 1e-008
61 86 1e-008
61 87 1e-008
61 88 1e-008
61 89 1e-008
61 90 1e-008
61 91 1e-008
61 92 1e-008
61 93 1e-008
61 94 1e-008
61 95 1e-008
61 96 1e-008
61 97 1e-008
61 98 1e-008
61 99 1e-008
61 100 1e-008
61 101 1e-008
61 102 1e-008
61 103 1e-008
61 104 1e-008
61 105 1e-008
61 106 1e-008
61 107 1e-008
108 61 0.0001
108 61 0.0001
108 61 0.08
108 61 0.08
108 61 0.0001
108 61 0.08
108 61 0.08
108 61 0.0001
108 61 0.0001
108 61 0.08
108 61 0.0001
108 61 0.0001
108 61 0.0001
108 61 0.0001
108 61 0.08
108 61 0.0001
108 61 0.0001
108 61 0.0001
108 61 0.0001
108 61 0.0001
108 61 0.0001
108 61 0.08
108 61 0.08
108 61 0.0001
109 61 0.0001
109 61 0.0001
109 61 0.0001
109 61 0.0001
109 61 0.0001
109 61 0.0001
109 61 0.0001
109 61 0.0001
109 61 0.0001
109 61 0.0001
109 61 0.0001
109 61 0.0001
109 61 0.0001
109 61 0.0001
109 61 0.0001
109 61 0.0001
109 61 0.0001
109 61 0.0001
109 61 0.0001
109 61 0.0001
109 61 0.0001
109 61 0.0001
109 61 0.0001
109 61 0.0001
110 61 0.0001
110 61 0.0001
110 61 0.0001
110 61 0.0001
110 61 0.0001
110 61 0.0001
110 61 0.0001
110 61 0.0001
110 61 0.0001
110 61 0.0001
110 61 0.0001
110 61 0.0001
110 61 0.0001
110 61 0.0001
110 61 0.0001
110 61 0.0001
110 61 0.0001
110 61 0.0001
110 61 0.0001
110 61 0.0001
110 61 0.0001
110 61 0.0001
110 61 0.0001
110 61 0.0001
111 61 0.0001
111 61 0.0001
111 61 0.0001
111 61 0.0001
111 61 0.0001
111 61 0.0001
111 61 0.0001
111 61 0.0001
111 61 0.0001
111 61 0.0001
111 61 0.0001
111 61 0.0001
111 61 0.0001
111 61 0.0001
111 61 0.0001
111 61 0.0001
111 61 0.0001
111 61 0.0001
111 61 0.0001
111 61 0.0001
111 61 0.0001
111 61 0.0001
111 61 0.0001
111 61 0.0001
62 63 1e-008
62 64 1e-008
62 65 1e-008
62 66 1e-008
62 67 1e-008
62 68 1e-008
62 69 1e-008
62 70 1e-008
62 71 1e-008
62 72 1e-008
62 73 1e-008
62 74 1e-008
62 75 1e-008
62 76 1e-008
62 77 1e-008
62 78 1e-008
62 79 1e-008
62 80 1e-008
62 81 1e-008
62 82 1e-008
62 83 1e-008
62 84 1e-008
62 85 1e-008
62 86 1e-008
62 87 1e-008
62 88 1e-008
62 89 1e-008
62 90 1e-008
62 91 1e-008
62 92 1e-008
62 93 1e-008
62 94 1e-008
62 95 1e-008
62 96 1e-008
62 97 1e-008
62 98 1e-008
62 99 1e-008
62 100 1e-008
62 101 1e-008
62 102 1e-008
62 103 1e-008
62 104 1e-008
62 105 1e-008
62 106 1e-008
62 107 1e-008
62 108 1e-008
62 109 1e-008
62 110 1e-008
62 111 1e-008
63 64 1e-008
63 65 1e-008
63 66 1e-008
63 67 1e-008
63 68 1e-008
63 69 1e-008
63 70 1e-008
63 71 1e-008
63 72 1e-008
63 73 1e-008
63 74 1e-008
63 75 1e-008
63 76 1e-008
63 77 1e-008
63 78 1e-008
63 79 1e-008
63 80 1e-008
63 81 1e-008
63 82 1e-008
63 83 1e-008
63 84 1e-008
63 85 1e-008
63 86 1e-008
63 87 1e-008
63 88 1e-008
63 89 1e-008
63 90 1e-008
63 91 1e-008
63 92 1e-008
63 93 1e-008
63 94 1e-008
63 95 1e-008
63 96 1e-008
63 97 1e-008
63 98 1e-008
63 99 1e-008
63 100 1e-008
63 101 1e-008
63 102 1e-008
63 103 1e-008
63 104 1e-008
63 105 1e-008
63 106 1e-008
63 107 1e-008
63 108 1e-008
63 109 1e-008
63 110 1e-008
63 111 1e-008
64 65 1e-008
64 66 1e-008
64 67 1e-008
64 68 1e-008
64 69 1e-008
64 70 1e-008
64 71 1e-008
64 72 1e-008
64 73 1e-008
64 74 1e-008
64 75 1e-008
64 76 1e-008
64 77 1e-008
64 78 1e-008
64 79 1e-008
64 80 1e-008
64 81 1e-008
64 82 1e-008
64 83 1e-008
64 84 1e-008
64 85 1e-008
64 86 1e-008
64 87 1e-008
64 88 1e-008
64 89 1e-008
64 90 1e-008
64 91 1e-008
64 92 1e-008
64 93 1e-008
64 94 1e-008
64 95 1e-008
64 96 1e-008
64 97 1e-008
64 98 1e-008
64 99 1e-008
64 100 1e-008
64 101 1e-008
64 102 1e-008
64 103 1e-008
64 104 1e-008
64 105 1e-008
64 106 1e-008
64 107 1e-008
108 64 0.0001
108 64 0.0001
108 64 0.0001
108 64 0.0001
108 64 0.0001
108 64 0.0001
108 64 0.0001
108 64 0.0001
108 64 0.0001
108 64 0.0001
108 64 0.0001
108 64 0.0001
108 64 0.0001
108 64 0.0001
108 64 0.0001
108 64 0.0001
108 64 0.0001
108 64 0.0001
108 64 0.0001
108 64 0.0001
108 64 0.0001
108 64 0.0001
108 64 0.0001
108 64 0.0001
109 64 0.0001
109 64 0.0001
109 64 0.0001
109 64 0.0001
109 64 0.0001
109 64 0.0001
109 64 0.0001
109 64 0.0001
109 64 0.0001
109 64 0.0001
109 64 0.0001
109 64 0.0001
109 64 0.0001
109 64 0.0001
109 64 0.0001
109 64 0.0001
109 64 0.0001
109 64 0.0001
109 64 0.0001
109 64 0.0001
109 64 0.0001
109 64 0.0001
109 64 0.0001
109 64 0.0001
110 64 0.0001
110 64 0.0001
110 64 0.08
110 64 0.0001
110 64 0.0001
110 64 0.0001
110 64 0.0001
110 64 0.0001
110 64 0.08
110 64 0.0001
110 64 0.0001
110 64 0.0001
110 64 0.08
110 64 0.0001
110 64 0.08
110 64 0.0001
110 64 0.0001
110 64 0.0001
110 64 0.0001
110 64 0.08
110 64 0.0001
110 64 0.0001
110 64 0.08
110 64 0.0001
111 64 0.0001
111 64 0.0001
111 64 0.0001
111 64 0.0001
111 64 0.0001
111 64 0.0001
111 64 0.0001
111 64 0.0001
111 64 0.0001
111 64 0.0001
111 64 0.0001
111 64 0.0001
111 64 0.0001
111 64 0.0001
111 64 0.0001
111 64 0.0001
111 64 0.0001
111 64 0.0001
111 64 0.0001
111 64 0.0001
111 64 0.0001
111 64 0.0001
111 64 0.0001
111 64 0.0001
65 66 1e-008
65 67 1e-008
65 68 1e-008
65 69 1e-008
65 70 1e-008
65 71 1e-008
65 72 1e-008
65 73 1e-008
65 74 1e-008
65 75 1e-008
65 76 1e-008
65 77 1e-008
65 78 1e-008
65 79 1e-008
65 80 1e-008
65 81 1e-008
65 82 1e-008
65 83 1e-008
65 84 1e-008
65 85 1e-008
65 86 1e-008
65 87 1e-008
65 88 1e-008
65 89 1e-008
65 90 1e-008
65 91 1e-008
65 92 1e-008
65 93 1e-008
65 94 1e-008
65 95 1e-008
65 96 1e-008
65 97 1e-008
65 98 1e-008
65 99 1e-008
65 100 1e-008
65 101 1e-008
65 102 1e-008
65 103 1e-008
65 104 1e-008
65 105 1e-008
65 106 1e-008
65 107 1e-008
108 65 0.0001
108 65 0.0001
108 65 0.0001
108 65 0.0001
108 65 0.0001
108 65 0.0001
108 65 0.0001
108 65 0.0001
108 65 0.0001
108 65 0.0001
108 65 0.0001
108 65 0.0001
108 65 0.0001
108 65 0.0001
108 65 0.0001
108 65 0.0001
108 65 0.0001
108 65 0.0001
108 65 0.0001
108 65 0.0001
108 65 0.0001
108 65 0.0001
108 65 0.0001
108 65 0.0001
109 65 0.0001
109 65 0.0001
109 65 0.0001
109 65 0.0001
109 65 0.0001
109 65 0.0001
109 65 0.0001
109 65 0.0001
109 65 0.0001
109 65 0.0001
109 65 0.0001
109 65 0.0001
109 65 0.0001
109 65 0.0001
109 65 0.0001
109 65 0.0001
109 65 0.0001
109 65 0.0001
109 65 0.0001
109 65 0.0001
109 65 0.0001
109 65 0.0001
109 65 0.0001
109 65 0.0001
110 65 0.08
110 65 0.0001
110 65 0.08
110 65 0.08
110 65 0.0001
110 65 0.0001
110 65 0.0001
110 65 0.0001
110 65 0.0001
110 65 0.0001
110 65 0.0001
110 65 0.08
110 65 0.0001
110 65 0.08
110 65 0.08
110 65 0.0001
110 65 0.08
110 65 0.08
110 65 0.08
110 65 0.0001
110 65 0.0001
110 65 0.0001
110 65 0.0001
110 65 0.08
111 65 0.0001
111 65 0.0001
111 65 0.0001
111 65 0.0001
111 65 0.0001
111 65 0.0001
111 65 0.0001
111 65 0.0001
111 65 0.0001
111 65 0.0001
111 65 0.0001
111 65 0.0001
111 65 0.0001
111 65 0.0001
111 65 0.0001
111 65 0.0001
111 65 0.0001
111 65 0.0001
111 65 0.0001
111 65 0.0001
111 65 0.0001
111 65 0.0001
111 65 0.0001
111 65 0.0001
66 67 1e-008
66 68 1e-008
66 69 1e-008
66 70 1e-008
66 71 1e-008
66 72 1e-008
66 73 1e-008
66 74 1e-008
66 75 1e-008
66 76 1e-008
66 77 1e-008
66 78 1e-008
66 79 1e-008
66 80 1e-008
66 81 1e-008
66 82 1e-008
66 83 1e-008
66 84 1e-008
66 85 1e-008
66 86 1e-008
66 87 1e-008
66 88 1e-008
66 89 1e-008
66 90 1e-008
66 91 1e-008
66 92 1e-008
66 93 1e-008
66 94 1e-008
66 95 1e-008
66 96 1e-008
66 97 1e-008
66 98 1e-008
66 99 1e-008
66 100 1e-008
66 101 1e-008
66 102 1e-008
66 103 1e-008
66 104 1e-008
66 105 1e-008
66 106 1e-008
66 107 1e-008
66 108 1e-008
66 109 1e-008
66 110 1e-008
66 111 1e-008
67 68 1e-008
67 69 1e-008
67 70 1e-008
67 71 1e-008
67 72 1e-008
67 73 1e-008
67 74 1e-008
67 75 1e-008
67 76 1e-008
67 77 1e-008
67 78 1e-008
67 79 1e-008
67 80 1e-008
67 81 1e-008
67 82 1e-008
67 83 1e-008
67 84 1e-008
67 85 1e-008
67 86 1e-008
67 87 1e-008
67 88 1e-008
67 89 1e-008
67 90 1e-008
67 91 1e-008
67 92 1e-008
67 93 1e-008
67 94 1e-008
67 95 1e-008
67 96 1e-008
67 97 1e-008
67 98 1e-008
67 99 1e-008
67 100 1e-008
67 101 1e-008
67 102 1e-008
67 103 1e-008
67 104 1e-008
67 105 1e-008
67 106 1e-008
67 107 1e-008
67 108 1e-008
67 109 1e-008
67 110 1e-008
67 111 1e-008
68 69 1e-008
68 70 1e-008
68 71 1e-008
68 72 1e-008
68 73 1e-008
68 74 1e-008
68 75 1e-008
68 76 1e-008
68 77 1e-008
68 78 1e-008
68 79 1e-008
68 80 1e-008
68 81 1e-008
68 82 1e-008
68 83 1e-008
68 84 1e-008
68 85 1e-008
68 86 1e-008
68 87 1e-008
68 88 1e-008
68 89 1e-008
68 90 1e-008
68 91 1e-008
68 92 1e-008
68 93 1e-008
68 94 1e-008
68 95 1e-008
68 96 1e-008
68 97 1e-008
68 98 1e-008
68 99 1e-008
68 100 1e-008
68 101 1e-008
68 102 1e-008
68 103 1e-008
68 104 1e-008
68 105 1e-008
68 106 1e-008
68 107 1e-008
108 68 0.0001
108 68 0.0001
108 68 0.0001
108 68 0.0001
108 68 0.0001
108 68 0.0001
108 68 0.0001
108 68 0.0001
108 68 0.0001
108 68 0.0001
108 68 0.0001
108 68 0.0001
108 68 0.0001
108 68 0.0001
108 68 0.0001
108 68 0.0001
108 68 0.0001
108 68 0.0001
108 68 0.0001
108 68 0.0001
108 68 0.0001
108 68 0.0001
108 68 0.0001
108 68 0.0001
109 68 0.0001
109 68 0.0001
109 68 0.0001
109 68 0.08
109 68 0.0001
109 68 0.0001
109 68 0.0001
109 68 0.0001
109 68 0.0001
109 68 0.08
109 68 0.0001
109 68 0.0001
109 68 0.0001
109 68 0.08
109 68 0.0001
109 68 0.0001
109 68 0.08
109 68 0.0001
109 68 0.0001
109 68 0.08
109 68 0.0001
109 68 0.0001
109 68 0.0001
109 68 0.0001
110 68 0.0001
110 68 0.0001
110 68 0.0001
110 68 0.0001
110 68 0.0001
110 68 0.0001
110 68 0.0001
110 68 0.0001
110 68 0.0001
110 68 0.0001
110 68 0.0001
110 68 0.0001
110 68 0.0001
110 68 0.0001
110 68 0.0001
110 68 0.0001
110 68 0.0001
110 68 0.0001
110 68 0.0001
110 68 0.0001
110 68 0.0001
110 68 0.0001
110 68 0.0001
110 68 0.0001
111 68 0.0001
111 68 0.0001
111 68 0.0001
111 68 0.0001
111 68 0.0001
111 68 0.0001
111 68 0.0001
111 68 0.0001
111 68 0.0001
111 68 0.0001
111 68 0.0001
111 68 0.0001
111 68 0.0001
111 68 0.0001
111 68 0.0001
111 68 0.0001
111 68 0.0001
111 68 0.0001
111 68 0.0001
111 68 0.0001
111 68 0.0001
111 68 0.0001
111 68 0.0001
111 68 0.0001
69 70 1e-008
69 71 1e-008
69 72 1e-008
69 73 1e-008
69 74 1e-008
69 75 1e-008
69 76 1e-008
69 77 1e-008
69 78 1e-008
69 79 1e-008
69 80 1e-008
69 81 1e-008
69 82 1e-008
69 83 1e-008
69 84 1e-008
69 85 1e-008
69 86 1e-008
69 87 1e-008
69 88 1e-008
69 89 1e-008
69 90 1e-008
69 91 1e-008
69 92 1e-008
69 93 1e-008
69 94 1e-008
69 95 1e-008
69 96 1e-008
69 97 1e-008
69 98 1e-008
69 99 1e-008
69 100 1e-008
69 101 1e-008
69 102 1e-008
69 103 1e-008
69 104 1e-008
69 105 1e-008
69 106 1e-008
69 107 1e-008
108 69 0.0001
108 69 0.0001
108 69 0.0001
108 69 0.0001
108 69 0.0001
108 69 0.0001
108 69 0.0001
108 69 0.0001
108 69 0.0001
108 69 0.0001
108 69 0.0001
108 69 0.0001
108 69 0.0001
108 69 0.0001
108 69 0.0001
108 69 0.0001
108 69 0.0001
108 69 0.0001
108 69 0.0001
108 69 0.0001
108 69 0.0001
108 69 0.0001
108 69 0.0001
108 69 0.0001
109 69 0.0001
109 69 0.0001
109 69 0.0001
109 69 0.0001
109 69 0.0001
109 69 0.0001
109 69 0.0001
109 69 0.0001
109 69 0.0001
109 69 0.0001
109 69 0.0001
109 69 0.0001
109 69 0.0001
109 69 0.08
109 69 0.08
109 69 0.08
109 69 0.0001
109 69 0.0001
109 69 0.0001
109 69 0.0001
109 69 0.0001
109 69 0.08
109 69 0.0001
109 69 0.08
110 69 0.0001
110 69 0.0001
110 69 0.0001
110 69 0.0001
110 69 0.0001
110 69 0.0001
110 69 0.0001
110 69 0.0001
110 69 0.0001
110 69 0.0001
110 69 0.0001
110 69 0.0001
110 69 0.0001
110 69 0.0001
110 69 0.0001
110 69 0.0001
110 69 0.0001
110 69 0.0001
110 69 0.0001
110 69 0.0001
110 69 0.0001
110 69 0.0001
110 69 0.0001
110 69 0.0001
111 69 0.0001
111 69 0.0001
111 69 0.0001
111 69 0.0001
111 69 0.0001
111 69 0.0001
111 69 0.0001
111 69 0.0001
111 69 0.0001
111 69 0.0001
111 69 0.0001
111 69 0.0001
111 69 0.0001
111 69 0.0001
111 69 0.0001
111 69 0.0001
111 69 0.0001
111 69 0.0001
111 69 0.0001
111 69 0.0001
111 69 0.0001
111 69 0.0001
111 69 0.0001
111 69 0.0001
70 71 1e-008
70 72 1e-008
70 73 1e-008
70 74 1e-008
70 75 1e-008
70 76 1e-008
70 77 1e-008
70 78 1e-008
70 79 1e-008
70 80 1e-008
70 81 1e-008
70 82 1e-008
70 83 1e-008
70 84 1e-008
70 85 1e-008
70 86 1e-008
70 87 1e-008
70 88 1e-008
70 89 1e-008
70 90 1e-008
70 91 1e-008
70 92 1e-008
70 93 1e-008
70 94 1e-008
70 95 1e-008
70 96 1e-008
70 97 1e-008
70 98 1e-008
70 99 1e-008
70 100 1e-008
70 101 1e-008
70 102 1e-008
70 103 1e-008
70 104 1e-008
70 105 1e-008
70 106 1e-008
70 107 1e-008
70 108 1e-008
70 109 1e-008
70 110 1e-008
70 111 1e-008
71 72 1e-008
71 73 1e-008
71 74 1e-008
71 75 1e-008
71 76 1e-008
71 77 1e-008
71 78 1e-008
71 79 1e-008
71 80 1e-008
71 81 1e-008
71 82 1e-008
71 83 1e-008
71 84 1e-008
71 85 1e-008
71 86 1e-008
71 87 1e-008
71 88 1e-008
71 89 1e-008
71 90 1e-008
71 91 1e-008
71 92 1e-008
71 93 1e-008
71 94 1e-008
71 95 1e-008
71 96 1e-008
71 97 1e-008
71 98 1e-008
71 99 1e-008
71 100 1e-008
71 101 1e-008
71 102 1e-008
71 103 1e-008
71 104 1e-008
71 105 1e-008
71 106 1e-008
71 107 1e-008
71 108 1e-008
71 109 1e-008
71 110 1e-008
71 111 1e-008
72 73 1e-008
72 74 1e-008
72 75 1e-008
72 76 1e-008
72 77 1e-008
72 78 1e-008
72 79 1e-008
72 80 1e-008
72 81 1e-008
72 82 1e-008
72 83 1e-008
72 84 1e-008
72 85 1e-008
72 86 1e-008
72 87 1e-008
72 88 1e-008
72 89 1e-008
72 90 1e-008
72 91 1e-008
72 92 1e-008
72 93 1e-008
72 94 1e-008
72 95 1e-008
72 96 1e-008
72 97 1e-008
72 98 1e-008
72 99 1e-008
72 100 1e-008
72 101 1e-008
72 102 1e-008
72 103 1e-008
72 104 1e-008
72 105 1e-008
72 106 1e-008
72 107 1e-008
108 72 0.0001
108 72 0.0001
108 72 0.0001
108 72 0.0001
108 72 0.0001
108 72 0.08
108 72 0.08
108 72 0.0001
108 72 0.0001
108 72 0.0001
108 72 0.0001
108 72 0.0001
108 72 0.0001
108 72 0.0001
108 72 0.0001
108 72 0.0001
108 72 0.08
108 72 0.0001
108 72 0.0001
108 72 0.0001
108 72 0.0001
108 72 0.0001
108 72 0.08
108 72 0.08
109 72 0.0001
109 72 0.0001
109 72 0.0001
109 72 0.0001
109 72 0.0001
109 72 0.0001
109 72 0.0001
109 72 0.0001
109 72 0.0001
109 72 0.0001
109 72 0.0001
109 72 0.0001
109 72 0.0001
109 72 0.0001
109 72 0.0001
109 72 0.0001
109 72 0.0001
109 72 0.0001
109 72 0.0001
109 72 0.0001
109 72 0.0001
109 72 0.0001
109 72 0.0001
109 72 0.0001
110 72 0.0001
110 72 0.0001
110 72 0.0001
110 72 0.0001
110 72 0.0001
110 72 0.0001
110 72 0.0001
110 72 0.0001
110 72 0.0001
110 72 0.0001
110 72 0.0001
110 72 0.0001
110 72 0.0001
110 72 0.0001
110 72 0.0001
110 72 0.0001
110 72 0.0001
110 72 0.0001
110 72 0.0001
110 72 0.0001
110 72 0.0001
110 72 0.0001
110 72 0.0001
110 72 0.0001
111 72 0.0001
111 72 0.0001
111 72 0.0001
111 72 0.0001
111 72 0.0001
111 72 0.0001
111 72 0.0001
111 72 0.0001
111 72 0.0001
111 72 0.0001
111 72 0.0001
111 72 0.0001
111 72 0.0001
111 72 0.0001
111 72 0.0001
111 72 0.0001
111 72 0.0001
111 72 0.0001
111 72 0.0001
111 72 0.0001
111 72 0.0001
111 72 0.0001
111 72 0.0001
111 72 0.0001
73 74 1e-008
73 75 1e-008
73 76 1e-008
73 77 1e-008
73 78 1e-008
73 79 1e-008
73 80 1e-008
73 81 1e-008
73 82 1e-008
73 83 1e-008
73 84 1e-008
73 85 1e-008
73 86 1e-008
73 87 1e-008
73 88 1e-008
73 89 1e-008
73 90 1e-008
73 91 1e-008
73 92 1e-008
73 93 1e-008
73 94 1e-008
73 95 1e-008
73 96 1e-008
73 97 1e-008
73 98 1e-008
73 99 1e-008
73 100 1e-008
73 101 1e-008
73 102 1e-008
73 103 1e-008
73 104 1e-008
73 105 1e-008
73 106 1e-008
73 107 1e-008
108 73 0.08
108 73 0.0001
108 73 0.0001
108 73 0.0001
108 73 0.0001
108 73 0.0001
108 73 0.0001
108 73 0.08
108 73 0.0001
108 73 0.0001
108 73 0.0001
108 73 0.0001
108 73 0.0001
108 73 0.08
108 73 0.08
108 73 0.0001
108 73 0.0001
108 73 0.0001
108 73 0.08
108 73 0.0001
108 73 0.0001
108 73 0.0001
108 73 0.0001
108 73 0.08
109 73 0.0001
109 73 0.0001
109 73 0.0001
109 73 0.0001
109 73 0.0001
109 73 0.0001
109 73 0.0001
109 73 0.0001
109 73 0.0001
109 73 0.0001
109 73 0.0001
109 73 0.0001
109 73 0.0001
109 73 0.0001
109 73 0.0001
109 73 0.0001
109 73 0.0001
109 73 0.0001
109 73 0.0001
109 73 0.0001
109 73 0.0001
109 73 0.0001
109 73 0.0001
109 73 0.0001
110 73 0.0001
110 73 0.0001
110 73 0.0001
110 73 0.0001
110 73 0.0001
110 73 0.0001
110 73 0.0001
110 73 0.0001
110 73 0.0001
110 73 0.0001
110 73 0.0001
110 73 0.0001
110 73 0.0001
110 73 0.0001
110 73 0.0001
110 73 0.0001
110 73 0.0001
110 73 0.0001
110 73 0.0001
110 73 0.0001
110 73 0.0001
110 73 0.0001
110 73 0.0001
110 73 0.0001
111 73 0.0001
111 73 0.0001
111 73 0.0001
111 73 0.0001
111 73 0.0001
111 73 0.0001
111 73 0.0001
111 73 0.0001
111 73 0.0001
111 73 0.0001
111 73 0.0001
111 73 0.0001
111 73 0.0001
111 73 0.0001
111 73 0.0001
111 73 0.0001
111 73 0.0001
111 73 0.0001
111 73 0.0001
111 73 0.0001
111 73 0.0001
111 73 0.0001
111 73 0.0001
111 73 0.0001
74 75 1e-008
74 76 1e-008
74 77 1e-008
74 78 1e-008
74 79 1e-008
74 80 1e-008
74 81 1e-008
74 82 1e-008
74 83 1e-008
74 84 1e-008
74 85 1e-008
74 86 1e-008
74 87 1e-008
74 88 1e-008
74 89 1e-008
74 90 1e-008
74 91 1e-008
74 92 1e-008
74 93 1e-008
74 94 1e-008
74 95 1e-008
74 96 1e-008
74 97 1e-008
74 98 1e-008
74 99 1e-008
74 100 1e-008
74 101 1e-008
74 102 1e-008
74 103 1e-008
74 104 1e-008
74 105 1e-008
74 106 1e-008
74 107 1e-008
74 108 1e-008
74 109 1e-008
74 110 1e-008
74 111 1e-008
75 76 1e-008
75 77 1e-008
75 78 1e-008
75 79 1e-008
75 80 1e-008
75 81 1e-008
75 82 1e-008
75 83 1e-008
75 84 1e-008
75 85 1e-008
75 86 1e-008
75 87 1e-008
75 88 1e-008
75 89 1e-008
75 90 1e-008
75 91 1e-008
75 92 1e-008
75 93 1e-008
75 94 1e-008
75 95 1e-008
75 96 1e-008
75 97 1e-008
75 98 1e-008
75 99 1e-008
75 100 1e-008
75 101 1e-008
75 102 1e-008
75 103 1e-008
75 104 1e-008
75 105 1e-008
75 106 1e-008
75 107 1e-008
75 108 1e-008
75 109 1e-008
75 110 1e-008
75 111 1e-008
76 77 1e-008
76 78 1e-008
76 79 1e-008
76 80 1e-008
76 81 1e-008
76 82 1e-008
76 83 1e-008
76 84 1e-008
76 85 1e-008
76 86 1e-008
76 87 1e-008
76 88 1e-008
76 89 1e-008
76 90 1e-008
76 91 1e-008
76 92 1e-008
76 93 1e-008
76 94 1e-008
76 95 1e-008
76 96 1e-008
76 97 1e-008
76 98 1e-008
76 99 1e-008
76 100 1e-008
76 101 1e-008
76 102 1e-008
76 103 1e-008
76 104 1e-008
76 105 1e-008
76 106 1e-008
76 107 1e-008
108 76 0.0001
108 76 0.0001
108 76 0.0001
108 76 0.0001
108 76 0.0001
108 76 0.0001
108 76 0.0001
108 76 0.0001
108 76 0.0001
108 76 0.0001
108 76 0.0001
108 76 0.0001
108 76 0.0001
108 76 0.0001
108 76 0.0001
108 76 0.0001
108 76 0.0001
108 76 0.0001
108 76 0.0001
108 76 0.0001
108 76 0.0001
108 76 0.0001
108 76 0.0001
108 76 0.0001
109 76 0.0001
109 76 0.0001
109 76 0.0001
109 76 0.0001
109 76 0.08
109 76 0.0001
109 76 0.0001
109 76 0.0001
109 76 0.0001
109 76 0.0001
109 76 0.0001
109 76 0.0001
109 76 0.0001
109 76 0.0001
109 76 0.08
109 76 0.0001
109 76 0.0001
109 76 0.0001
109 76 0.0001
109 76 0.0001
109 76 0.0001
109 76 0.0001
109 76 0.0001
109 76 0.08
110 76 0.0001
110 76 0.0001
110 76 0.0001
110 76 0.0001
110 76 0.0001
110 76 0.0001
110 76 0.0001
110 76 0.0001
110 76 0.0001
110 76 0.0001
110 76 0.0001
110 76 0.0001
110 76 0.0001
110 76 0.0001
110 76 0.0001
110 76 0.0001
110 76 0.0001
110 76 0.0001
110 76 0.0001
110 76 0.0001
110 76 0.0001
110 76 0.0001
110 76 0.0001
110 76 0.0001
111 76 0.0001
111 76 0.0001
111 76 0.0001
111 76 0.0001
111 76 0.0001
111 76 0.0001
111 76 0.0001
111 76 0.0001
111 76 0.0001
111 76 0.0001
111 76 0.0001
111 76 0.0001
111 76 0.0001
111 76 0.0001
111 76 0.0001
111 76 0.0001
111 76 0.0001
111 76 0.0001
111 76 0.0001
111 76 0.0001
111 76 0.0001
111 76 0.0001
111 76 0.0001
111 76 0.0001
77 78 1e-008
77 79 1e-008
77 80 1e-008
77 81 1e-008
77 82 1e-008
77 83 1e-008
77 84 1e-008
77 85 1e-008
77 86 1e-008
77 87 1e-008
77 88 1e-008
77 89 1e-008
77 90 1e-008
77 91 1e-008
77 92 1e-008
77 93 1e-008
77 94 1e-008
77 95 1e-008
77 96 1e-008
77 97 1e-008
77 98 1e-008
77 99 1e-008
77 100 1e-008
77 101 1e-008
77 102 1e-008
77 103 1e-008
77 104 1e-008
77 105 1e-008
77 106 1e-008
77 107 1e-008
108 77 0.0001
108 77 0.0001
108 77 0.0001
108 77 0.0001
108 77 0.0001
108 77 0.0001
108 77 0.0001
108 77 0.0001
108 77 0.0001
108 77 0.0001
108 77 0.0001
108 77 0.0001
108 77 0.0001
108 77 0.0001
108 77 0.0001
108 77 0.0001
108 77 0.0001
108 77 0.0001
108 77 0.0001
108 77 0.0001
108 77 0.0001
108 77 0.0001
108 77 0.0001
108 77 0.0001
109 77 0.0001
109 77 0.08
109 77 0.08
109 77 0.0001
109 77 0.0001
109 77 0.0001
109 77 0.0001
109 77 0.08
109 77 0.08
109 77 0.0001
109 77 0.08
109 77 0.08
109 77 0.0001
109 77 0.0001
109 77 0.0001
109 77 0.0001
109 77 0.0001
109 77 0.08
109 77 0.0001
109 77 0.08
109 77 0.0001
109 77 0.0001
109 77 0.0001
109 77 0.0001
110 77 0.0001
110 77 0.0001
110 77 0.0001
110 77 0.0001
110 77 0.0001
110 77 0.0001
110 77 0.0001
110 77 0.0001
110 77 0.0001
110 77 0.0001
110 77 0.0001
110 77 0.0001
110 77 0.0001
110 77 0.0001
110 77 0.0001
110 77 0.0001
110 77 0.0001
110 77 0.0001
110 77 0.0001
110 77 0.0001
110 77 0.0001
110 77 0.0001
110 77 0.0001
110 77 0.0001
111 77 0.0001
111 77 0.0001
111 77 0.0001
111 77 0.0001
111 77 0.0001
111 77 0.0001
111 77 0.0001
111 77 0.0001
111 77 0.0001
111 77 0.0001
111 77 0.0001
111 77 0.0001
111 77 0.0001
111 77 0.0001
111 77 0.0001
111 77 0.0001
111 77 0.0001
111 77 0.0001
111 77 0.0001
111 77 0.0001
111 77 0.0001
111 77 0.0001
111 77 0.0001
111 77 0.0001
78 79 1e-008
78 80 1e-008
78 81 1e-008
78 82 1e-008
78 83 1e-008
78 84 1e-008
78 85 1e-008
78 86 1e-008
78 87 1e-008
78 88 1e-008
78 89 1e-008
78 90 1e-008
78 91 1e-008
78 92 1e-008
78 93 1e-008
78 94 1e-008
78 95 1e-008
78 96 1e-008
78 97 1e-008
78 98 1e-008
78 99 1e-008
78 100 1e-008
78 101 1e-008
78 102 1e-008
78 103 1e-008
78 104 1e-008
78 105 1e-008
78 106 1e-008
78 107 1e-008
78 108 1e-008
78 109 1e-008
78 110 1e-008
78 111 1e-008
79 80 1e-008
79 81 1e-008
79 82 1e-008
79 83 1e-008
79 84 1e-008
79 85 1e-008
79 86 1e-008
79 87 1e-008
79 88 1e-008
79 89 1e-008
79 90 1e-008
79 91 1e-008
79 92 1e-008
79 93 1e-008
79 94 1e-008
79 95 1e-008
79 96 1e-008
79 97 1e-008
79 98 1e-008
79 99 1e-008
79 100 1e-008
79 101 1e-008
79 102 1e-008
79 103 1e-008
79 104 1e-008
79 105 1e-008
79 106 1e-008
79 107 1e-008
79 108 1e-008
79 109 1e-008
79 110 1e-008
79 111 1e-008
80 81 1e-008
80 82 1e-008
80 83 1e-008
80 84 1e-008
80 85 1e-008
80 86 1e-008
80 87 1e-008
80 88 1e-008
80 89 1e-008
80 90 1e-008
80 91 1e-008
80 92 1e-008
80 93 1e-008
80 94 1e-008
80 95 1e-008
80 96 1e-008
80 97 1e-008
80 98 1e-008
80 99 1e-008
80 100 1e-008
80 101 1e-008
80 102 1e-008
80 103 1e-008
80 104 1e-008
80 105 1e-008
80 106 1e-008
80 107 1e-008
108 80 0.0001
108 80 0.0001
108 80 0.0001
108 80 0.0001
108 80 0.0001
108 80 0.0001
108 80 0.0001
108 80 0.0001
108 80 0.0001
108 80 0.0001
108 80 0.0001
108 80 0.0001
108 80 0.0001
108 80 0.0001
108 80 0.0001
108 80 0.0001
108 80 0.0001
108 80 0.0001
108 80 0.0001
108 80 0.0001
108 80 0.0001
108 80 0.0001
108 80 0.0001
108 80 0.0001
109 80 0.0001
109 80 0.0001
109 80 0.0001
109 80 0.0001
109 80 0.0001
109 80 0.0001
109 80 0.0001
109 80 0.08
109 80 0.08
109 80 0.0001
109 80 0.0001
109 80 0.0001
109 80 0.0001
109 80 0.0001
109 80 0.0001
109 80 0.0001
109 80 0.08
109 80 0.08
109 80 0.0001
109 80 0.0001
109 80 0.08
109 80 0.0001
109 80 0.08
109 80 0.08
110 80 0.0001
110 80 0.0001
110 80 0.0001
110 80 0.0001
110 80 0.0001
110 80 0.0001
110 80 0.0001
110 80 0.0001
110 80 0.0001
110 80 0.0001
110 80 0.0001
110 80 0.0001
110 80 0.0001
110 80 0.0001
110 80 0.0001
110 80 0.0001
110 80 0.0001
110 80 0.0001
110 80 0.0001
110 80 0.0001
110 80 0.0001
110 80 0.0001
110 80 0.0001
110 80 0.0001
111 80 0.0001
111 80 0.0001
111 80 0.0001
111 80 0.0001
111 80 0.0001
111 80 0.0001
111 80 0.0001
111 80 0.0001
111 80 0.0001
111 80 0.0001
111 80 0.0001
111 80 0.0001
111 80 0.0001
111 80 0.0001
111 80 0.0001
111 80 0.0001
111 80 0.0001
111 80 0.0001
111 80 0.0001
111 80 0.0001
111 80 0.0001
111 80 0.0001
111 80 0.0001
111 80 0.0001
81 82 1e-008
81 83 1e-008
81 84 1e-008
81 85 1e-008
81 86 1e-008
81 87 1e-008
81 88 1e-008
81 89 1e-008
81 90 1e-008
81 91 1e-008
81 92 1e-008
81 93 1e-008
81 94 1e-008
81 95 1e-008
81 96 1e-008
81 97 1e-008
81 98 1e-008
81 99 1e-008
81 100 1e-008
81 101 1e-008
81 102 1e-008
81 103 1e-008
81 104 1e-008
81 105 1e-008
81 106 1e-008
81 107 1e-008
108 81 0.0001
108 81 0.0001
108 81 0.0001
108 81 0.0001
108 81 0.0001
108 81 0.0001
108 81 0.0001
108 81 0.0001
108 81 0.0001
108 81 0.0001
108 81 0.0001
108 81 0.0001
108 81 0.0001
108 81 0.0001
108 81 0.0001
108 81 0.0001
108 81 0.0001
108 81 0.0001
108 81 0.0001
108 81 0.0001
108 81 0.0001
108 81 0.0001
108 81 0.0001
108 81 0.0001
109 81 0.08
109 81 0.0001
109 81 0.08
109 81 0.08
109 81 0.08
109 81 0.08
109 81 0.08
109 81 0.08
109 81 0.08
109 81 0.0001
109 81 0.0001
109 81 0.0001
109 81 0.0001
109 81 0.08
109 81 0.08
109 81 0.0001
109 81 0.0001
109 81 0.08
109 81 0.0001
109 81 0.0001
109 81 0.08
109 81 0.0001
109 81 0.0001
109 81 0.0001
110 81 0.0001
110 81 0.0001
110 81 0.0001
110 81 0.0001
110 81 0.0001
110 81 0.0001
110 81 0.0001
110 81 0.0001
110 81 0.0001
110 81 0.0001
110 81 0.0001
110 81 0.0001
110 81 0.0001
110 81 0.0001
110 81 0.0001
110 81 0.0001
110 81 0.0001
110 81 0.0001
110 81 0.0001
110 81 0.0001
110 81 0.0001
110 81 0.0001
110 81 0.0001
110 81 0.0001
111 81 0.0001
111 81 0.0001
111 81 0.0001
111 81 0.0001
111 81 0.0001
111 81 0.0001
111 81 0.0001
111 81 0.0001
111 81 0.0001
111 81 0.0001
111 81 0.0001
111 81 0.0001
111 81 0.0001
111 81 0.0001
111 81 0.0001
111 81 0.0001
111 81 0.0001
111 81 0.0001
111 81 0.0001
111 81 0.0001
111 81 0.0001
111 81 0.0001
111 81 0.0001
111 81 0.0001
82 83 1e-008
82 84 1e-008
82 85 1e-008
82 86 1e-008
82 87 1e-008
82 88 1e-008
82 89 1e-008
82 90 1e-008
82 91 1e-008
82 92 1e-008
82 93 1e-008
82 94 1e-008
82 95 1e-008
82 96 1e-008
82 97 1e-008
82 98 1e-008
82 99 1e-008
82 100 1e-008
82 101 1e-008
82 102 1e-008
82 103 1e-008
82 104 1e-008
82 105 1e-008
82 106 1e-008
82 107 1e-008
82 108 1e-008
82 109 1e-008
82 110 1e-008
82 111 1e-008
83 84 1e-008
83 85 1e-008
83 86 1e-008
83 87 1e-008
83 88 1e-008
83 89 1e-008
83 90 1e-008
83 91 1e-008
83 92 1e-008
83 93 1e-008
83 94 1e-008
83 95 1e-008
83 96 1e-008
83 97 1e-008
83 98 1e-008
83 99 1e-008
83 100 1e-008
83 101 1e-008
83 102 1e-008
83 103 1e-008
83 104 1e-008
83 105 1e-008
83 106 1e-008
83 107 1e-008
83 108 1e-008
83 109 1e-008
83 110 1e-008
83 111 1e-008
84 85 1e-008
84 86 1e-008
84 87 1e-008
84 88 1e-008
84 89 1e-008
84 90 1e-008
84 91 1e-008
84 92 1e-008
84 93 1e-008
84 94 1e-008
84 95 1e-008
84 96 1e-008
84 97 1e-008
84 98 1e-008
84 99 1e-008
84 100 1e-008
84 101 1e-008
84 102 1e-008
84 103 1e-008
84 104 1e-008
84 105 1e-008
84 106 1e-008
84 107 1e-008
108 84 0.0001
108 84 0.0001
108 84 0.0001
108 84 0.0001
108 84 0.0001
108 84 0.0001
108 84 0.0001
108 84 0.0001
108 84 0.0001
108 84 0.0001
108 84 0.0001
108 84 0.0001
108 84 0.0001
108 84 0.0001
108 84 0.0001
108 84 0.0001
108 84 0.0001
108 84 0.0001
108 84 0.0001
108 84 0.0001
108 84 0.0001
108 84 0.0001
108 84 0.0001
108 84 0.0001
109 84 0.08
109 84 0.0001
109 84 0.0001
109 84 0.0001
109 84 0.0001
109 84 0.0001
109 84 0.0001
109 84 0.08
109 84 0.0001
109 84 0.0001
109 84 0.0001
109 84 0.0001
109 84 0.0001
109 84 0.0001
109 84 0.08
109 84 0.0001
109 84 0.08
109 84 0.0001
109 84 0.0001
109 84 0.08
109 84 0.08
109 84 0.0001
109 84 0.0001
109 84 0.08
110 84 0.0001
110 84 0.0001
110 84 0.0001
110 84 0.0001
110 84 0.0001
110 84 0.0001
110 84 0.0001
110 84 0.0001
110 84 0.0001
110 84 0.0001
110 84 0.0001
110 84 0.0001
110 84 0.0001
110 84 0.0001
110 84 0.0001
110 84 0.0001
110 84 0.0001
110 84 0.0001
110 84 0.0001
110 84 0.0001
110 84 0.0001
110 84 0.0001
110 84 0.0001
110 84 0.0001
111 84 0.0001
111 84 0.0001
111 84 0.0001
111 84 0.0001
111 84 0.0001
111 84 0.0001
111 84 0.0001
111 84 0.0001
111 84 0.0001
111 84 0.0001
111 84 0.0001
111 84 0.0001
111 84 0.0001
111 84 0.0001
111 84 0.0001
111 84 0.0001
111 84 0.0001
111 84 0.0001
111 84 0.0001
111 84 0.0001
111 84 0.0001
111 84 0.0001
111 84 0.0001
111 84 0.0001
85 86 1e-008
85 87 1e-008
85 88 1e-008
85 89 1e-008
85 90 1e-008
85 91 1e-008
85 92 1e-008
85 93 1e-008
85 94 1e-008
85 95 1e-008
85 96 1e-008
85 97 1e-008
85 98 1e-008
85 99 1e-008
85 100 1e-008
85 101 1e-008
85 102 1e-008
85 103 1e-008
85 104 1e-008
85 105 1e-008
85 106 1e-008
85 107 1e-008
108 85 0.0001
108 85 0.0001
108 85 0.0001
108 85 0.0001
108 85 0.0001
108 85 0.0001
108 85 0.0001
108 85 0.0001
108 85 0.0001
108 85 0.0001
108 85 0.0001
108 85 0.0001
108 85 0.0001
108 85 0.0001
108 85 0.0001
108 85 0.0001
108 85 0.0001
108 85 0.0001
108 85 0.0001
108 85 0.0001
108 85 0.0001
108 85 0.0001
108 85 0.0001
108 85 0.0001
109 85 0.08
109 85 0.0001
109 85 0.0001
109 85 0.08
109 85 0.08
109 85 0.0001
109 85 0.0001
109 85 0.08
109 85 0.0001
109 85 0.0001
109 85 0.0001
109 85 0.0001
109 85 0.08
109 85 0.0001
109 85 0.0001
109 85 0.0001
109 85 0.0001
109 85 0.0001
109 85 0.08
109 85 0.0001
109 85 0.0001
109 85 0.0001
109 85 0.0001
109 85 0.0001
110 85 0.0001
110 85 0.0001
110 85 0.0001
110 85 0.0001
110 85 0.0001
110 85 0.0001
110 85 0.0001
110 85 0.0001
110 85 0.0001
110 85 0.0001
110 85 0.0001
110 85 0.0001
110 85 0.0001
110 85 0.0001
110 85 0.0001
110 85 0.0001
110 85 0.0001
110 85 0.0001
110 85 0.0001
110 85 0.0001
110 85 0.0001
110 85 0.0001
110 85 0.0001
110 85 0.0001
111 85 0.0001
111 85 0.0001
111 85 0.0001
111 85 0.0001
111 85 0.0001
111 85 0.0001
111 85 0.0001
111 85 0.0001
111 85 0.0001
111 85 0.0001
111 85 0.0001
111 85 0.0001
111 85 0.0001
111 85 0.0001
111 85 0.0001
111 85 0.0001
111 85 0.0001
111 85 0.0001
111 85 0.0001
111 85 0.0001
111 85 0.0001
111 85 0.0001
111 85 0.0001
111 85 0.0001
86 87 1e-008
86 88 1e-008
86 89 1e-008
86 90 1e-008
86 91 1e-008
86 92 1e-008
86 93 1e-008
86 94 1e-008
86 95 1e-008
86 96 1e-008
86 97 1e-008
86 98 1e-008
86 99 1e-008
86 100 1e-008
86 101 1e-008
86 102 1e-008
86 103 1e-008
86 104 1e-008
86 105 1e-008
86 106 1e-008
86 107 1e-008
86 108 1e-008
86 109 1e-008
86 110 1e-008
86 111 1e-008
87 88 1e-008
87 89 1e-008
87 90 1e-008
87 91 1e-008
87 92 1e-008
87 93 1e-008
87 94 1e-008
87 95 1e-008
87 96 1e-008
87 97 1e-008
87 98 1e-008
87 99 1e-008
87 100 1e-008
87 101 1e-008
87 102 1e-008
87 103 1e-008
87 104 1e-008
87 105 1e-008
87 106 1e-008
87 107 1e-008
87 108 1e-008
87 109 1e-008
87 110 1e-008
87 111 1e-008
88 89 1e-008
88 90 1e-008
88 91 1e-008
88 92 1e-008
88 93 1e-008
88 94 1e-008
88 95 1e-008
88 96 1e-008
88 97 1e-008
88 98 1e-008
88 99 1e-008
88 100 1e-008
88 101 1e-008
88 102 1e-008
88 103 1e-008
88 104 1e-008
88 105 1e-008
88 106 1e-008
88 107 1e-008
108 88 0.0001
108 88 0.0001
108 88 0.0001
108 88 0.08
108 88 0.0001
108 88 0.0001
108 88 0.0001
108 88 0.0001
108 88 0.0001
108 88 0.0001
108 88 0.0001
108 88 0.0001
108 88 0.0001
108 88 0.0001
108 88 0.0001
108 88 0.0001
108 88 0.0001
108 88 0.0001
108 88 0.0001
108 88 0.0001
108 88 0.0001
108 88 0.0001
108 88 0.0001
108 88 0.0001
109 88 0.0001
109 88 0.0001
109 88 0.0001
109 88 0.0001
109 88 0.0001
109 88 0.0001
109 88 0.0001
109 88 0.0001
109 88 0.0001
109 88 0.0001
109 88 0.0001
109 88 0.0001
109 88 0.0001
109 88 0.0001
109 88 0.0001
109 88 0.0001
109 88 0.0001
109 88 0.0001
109 88 0.0001
109 88 0.0001
109 88 0.0001
109 88 0.0001
109 88 0.0001
109 88 0.0001
110 88 0.0001
110 88 0.0001
110 88 0.0001
110 88 0.0001
110 88 0.0001
110 88 0.0001
110 88 0.0001
110 88 0.0001
110 88 0.0001
110 88 0.0001
110 88 0.0001
110 88 0.0001
110 88 0.0001
110 88 0.0001
110 88 0.0001
110 88 0.0001
110 88 0.0001
110 88 0.0001
110 88 0.0001
110 88 0.0001
110 88 0.0001
110 88 0.0001
110 88 0.0001
110 88 0.0001
111 88 0.0001
111 88 0.0001
111 88 0.0001
111 88 0.0001
111 88 0.0001
111 88 0.0001
111 88 0.0001
111 88 0.0001
111 88 0.0001
111 88 0.0001
111 88 0.0001
111 88 0.0001
111 88 0.0001
111 88 0.0001
111 88 0.0001
111 88 0.0001
111 88 0.0001
111 88 0.0001
111 88 0.0001
111 88 0.0001
111 88 0.0001
111 88 0.0001
111 88 0.0001
111 88 0.0001
89 90 1e-008
89 91 1e-008
89 92 1e-008
89 93 1e-008
89 94 1e-008
89 95 1e-008
89 96 1e-008
89 97 1e-008
89 98 1e-008
89 99 1e-008
89 100 1e-008
89 101 1e-008
89 102 1e-008
89 103 1e-008
89 104 1e-008
89 105 1e-008
89 106 1e-008
89 107 1e-008
108 89 0.0001
108 89 0.0001
108 89 0.0001
108 89 0.08
108 89 0.0001
108 89 0.0001
108 89 0.0001
108 89 0.0001
108 89 0.0001
108 89 0.0001
108 89 0.0001
108 89 0.0001
108 89 0.0001
108 89 0.0001
108 89 0.0001
108 89 0.0001
108 89 0.08
108 89 0.08
108 89 0.0001
108 89 0.0001
108 89 0.08
108 89 0.0001
108 89 0.0001
108 89 0.0001
109 89 0.0001
109 89 0.0001
109 89 0.0001
109 89 0.0001
109 89 0.0001
109 89 0.0001
109 89 0.0001
109 89 0.0001
109 89 0.0001
109 89 0.0001
109 89 0.0001
109 89 0.0001
109 89 0.0001
109 89 0.0001
109 89 0.0001
109 89 0.0001
109 89 0.0001
109 89 0.0001
109 89 0.0001
109 89 0.0001
109 89 0.0001
109 89 0.0001
109 89 0.0001
109 89 0.0001
110 89 0.0001
110 89 0.0001
110 89 0.0001
110 89 0.0001
110 89 0.0001
110 89 0.0001
110 89 0.0001
110 89 0.0001
110 89 0.0001
110 89 0.0001
110 89 0.0001
110 89 0.0001
110 89 0.0001
110 89 0.0001
110 89 0.0001
110 89 0.0001
110 89 0.0001
110 89 0.0001
110 89 0.0001
110 89 0.0001
110 89 0.0001
110 89 0.0001
110 89 0.0001
110 89 0.0001
111 89 0.0001
111 89 0.0001
111 89 0.0001
111 89 0.0001
111 89 0.0001
111 89 0.0001
111 89 0.0001
111 89 0.0001
111 89 0.0001
111 89 0.0001
111 89 0.0001
111 89 0.0001
111 89 0.0001
111 89 0.0001
111 89 0.0001
111 89 0.0001
111 89 0.0001
111 89 0.0001
111 89 0.0001
111 89 0.0001
111 89 0.0001
111 89 0.0001
111 89 0.0001
111 89 0.0001
90 91 1e-008
90 92 1e-008
90 93 1e-008
90 94 1e-008
90 95 1e-008
90 96 1e-008
90 97 1e-008
90 98 1e-008
90 99 1e-008
90 100 1e-008
90 101 1e-008
90 102 1e-008
90 103 1e-008
90 104 1e-008
90 105 1e-008
90 106 1e-008
90 107 1e-008
90 108 1e-008
90 109 1e-008
90 110 1e-008
90 111 1e-008
91 92 1e-008
91 93 1e-008
91 94 1e-008
91 95 1e-008
91 96 1e-008
91 97 1e-008
91 98 1e-008
91 99 1e-008
91 100 1e-008
91 101 1e-008
91 102 1e-008
91 103 1e-008
91 104 1e-008
91 105 1e-008
91 106 1e-008
91 107 1e-008
91 108 1e-008
91 109 1e-008
91 110 1e-008
91 111 1e-008
92 93 1e-008
92 94 1e-008
92 95 1e-008
92 96 1e-008
92 97 1e-008
92 98 1e-008
92 99 1e-008
92 100 1e-008
92 101 1e-008
92 102 1e-008
92 103 1e-008
92 104 1e-008
92 105 1e-008
92 106 1e-008
92 107 1e-008
108 92 0.0001
108 92 0.08
108 92 0.0001
108 92 0.0001
108 92 0.08
108 92 0.0001
108 92 0.0001
108 92 0.0001
108 92 0.08
108 92 0.0001
108 92 0.0001
108 92 0.0001
108 92 0.0001
108 92 0.0001
108 92 0.0001
108 92 0.08
108 92 0.0001
108 92 0.0001
108 92 0.0001
108 92 0.0001
108 92 0.0001
108 92 0.08
108 92 0.0001
108 92 0.0001
109 92 0.0001
109 92 0.0001
109 92 0.0001
109 92 0.0001
109 92 0.0001
109 92 0.0001
109 92 0.0001
109 92 0.0001
109 92 0.0001
109 92 0.0001
109 92 0.0001
109 92 0.0001
109 92 0.0001
109 92 0.0001
109 92 0.0001
109 92 0.0001
109 92 0.0001
109 92 0.0001
109 92 0.0001
109 92 0.0001
109 92 0.0001
109 92 0.0001
109 92 0.0001
109 92 0.0001
110 92 0.0001
110 92 0.0001
110 92 0.0001
110 92 0.0001
110 92 0.0001
110 92 0.0001
110 92 0.0001
110 92 0.0001
110 92 0.0001
110 92 0.0001
110 92 0.0001
110 92 0.0001
110 92 0.0001
110 92 0.0001
110 92 0.0001
110 92 0.0001
110 92 0.0001
110 92 0.0001
110 92 0.0001
110 92 0.0001
110 92 0.0001
110 92 0.0001
110 92 0.0001
110 92 0.0001
111 92 0.0001
111 92 0.0001
111 92 0.0001
111 92 0.0001
111 92 0.0001
111 92 0.0001
111 92 0.0001
111 92 0.0001
111 92 0.0001
111 92 0.0001
111 92 0.0001
111 92 0.0001
111 92 0.0001
111 92 0.0001
111 92 0.0001
111 92 0.0001
111 92 0.0001
111 92 0.0001
111 92 0.0001
111 92 0.0001
111 92 0.0001
111 92 0.0001
111 92 0.0001
111 92 0.0001
93 94 1e-008
93 95 1e-008
93 96 1e-008
93 97 1e-008
93 98 1e-008
93 99 1e-008
93 100 1e-008
93 101 1e-008
93 102 1e-008
93 103 1e-008
93 104 1e-008
93 105 1e-008
93 106 1e-008
93 107 1e-008
108 93 0.08
108 93 0.08
108 93 0.08
108 93 0.08
108 93 0.0001
108 93 0.0001
108 93 0.0001
108 93 0.0001
108 93 0.08
108 93 0.08
108 93 0.0001
108 93 0.08
108 93 0.0001
108 93 0.0001
108 93 0.08
108 93 0.08
108 93 0.08
108 93 0.0001
108 93 0.08
108 93 0.0001
108 93 0.0001
108 93 0.0001
108 93 0.0001
108 93 0.0001
109 93 0.0001
109 93 0.0001
109 93 0.0001
109 93 0.0001
109 93 0.0001
109 93 0.0001
109 93 0.0001
109 93 0.0001
109 93 0.0001
109 93 0.0001
109 93 0.0001
109 93 0.0001
109 93 0.0001
109 93 0.0001
109 93 0.0001
109 93 0.0001
109 93 0.0001
109 93 0.0001
109 93 0.0001
109 93 0.0001
109 93 0.0001
109 93 0.0001
109 93 0.0001
109 93 0.0001
110 93 0.0001
110 93 0.0001
110 93 0.0001
110 93 0.0001
110 93 0.0001
110 93 0.0001
110 93 0.0001
110 93 0.0001
110 93 0.0001
110 93 0.0001
110 93 0.0001
110 93 0.0001
110 93 0.0001
110 93 0.0001
110 93 0.0001
110 93 0.0001
110 93 0.0001
110 93 0.0001
110 93 0.0001
110 93 0.0001
110 93 0.0001
110 93 0.0001
110 93 0.0001
110 93 0.0001
111 93 0.0001
111 93 0.0001
111 93 0.0001
111 93 0.0001
111 93 0.0001
111 93 0.0001
111 93 0.0001
111 93 0.0001
111 93 0.0001
111 93 0.0001
111 93 0.0001
111 93 0.0001
111 93 0.0001
111 93 0.0001
111 93 0.0001
111 93 0.0001
111 93 0.0001
111 93 0.0001
111 93 0.0001
111 93 0.0001
111 93 0.0001
111 93 0.0001
111 93 0.0001
111 93 0.0001
94 95 1e-008
94 96 1e-008
94 97 1e-008
94 98 1e-008
94 99 1e-008
94 100 1e-008
94 101 1e-008
94 102 1e-008
94 103 1e-008
94 104 1e-008
94 105 1e-008
94 106 1e-008
94 107 1e-008
94 108 1e-008
94 109 1e-008
94 110 1e-008
94 111 1e-008
95 96 1e-008
95 97 1e-008
95 98 1e-008
95 99 1e-008
95 100 1e-008
95 101 1e-008
95 102 1e-008
95 103 1e-008
95 104 1e-008
95 105 1e-008
95 106 1e-008
95 107 1e-008
95 108 1e-008
95 109 1e-008
95 110 1e-008
95 111 1e-008
96 97 1e-008
96 98 1e-008
96 99 1e-008
96 100 1e-008
96 101 1e-008
96 102 1e-008
96 103 1e-008
96 104 1e-008
96 105 1e-008
96 106 1e-008
96 107 1e-008
108 96 0.0001
108 96 0.0001
108 96 0.0001
108 96 0.0001
108 96 0.0001
108 96 0.0001
108 96 0.0001
108 96 0.0001
108 96 0.0001
108 96 0.0001
108 96 0.0001
108 96 0.0001
108 96 0.0001
108 96 0.0001
108 96 0.0001
108 96 0.0001
108 96 0.0001
108 96 0.0001
108 96 0.0001
108 96 0.0001
108 96 0.0001
108 96 0.0001
108 96 0.0001
108 96 0.0001
109 96 0.0001
109 96 0.0001
109 96 0.0001
109 96 0.0001
109 96 0.0001
109 96 0.0001
109 96 0.0001
109 96 0.0001
109 96 0.0001
109 96 0.0001
109 96 0.0001
109 96 0.0001
109 96 0.0001
109 96 0.0001
109 96 0.0001
109 96 0.0001
109 96 0.0001
109 96 0.0001
109 96 0.0001
109 96 0.0001
109 96 0.0001
109 96 0.0001
109 96 0.0001
109 96 0.0001
110 96 0.0001
110 96 0.0001
110 96 0.0001
110 96 0.0001
110 96 0.0001
110 96 0.08
110 96 0.0001
110 96 0.08
110 96 0.0001
110 96 0.08
110 96 0.0001
110 96 0.08
110 96 0.0001
110 96 0.0001
110 96 0.0001
110 96 0.0001
110 96 0.0001
110 96 0.08
110 96 0.08
110 96 0.0001
110 96 0.08
110 96 0.08
110 96 0.0001
110 96 0.08
111 96 0.0001
111 96 0.0001
111 96 0.0001
111 96 0.0001
111 96 0.0001
111 96 0.0001
111 96 0.0001
111 96 0.0001
111 96 0.0001
111 96 0.0001
111 96 0.0001
111 96 0.0001
111 96 0.0001
111 96 0.0001
111 96 0.0001
111 96 0.0001
111 96 0.0001
111 96 0.0001
111 96 0.0001
111 96 0.0001
111 96 0.0001
111 96 0.0001
111 96 0.0001
111 96 0.0001
97 98 1e-008
97 99 1e-008
97 100 1e-008
97 101 1e-008
97 102 1e-008
97 103 1e-008
97 104 1e-008
97 105 1e-008
97 106 1e-008
97 107 1e-008
108 97 0.0001
108 97 0.0001
108 97 0.0001
108 97 0.0001
108 97 0.0001
108 97 0.0001
108 97 0.0001
108 97 0.0001
108 97 0.0001
108 97 0.0001
108 97 0.0001
108 97 0.0001
108 97 0.0001
108 97 0.0001
108 97 0.0001
108 97 0.0001
108 97 0.0001
108 97 0.0001
108 97 0.0001
108 97 0.0001
108 97 0.0001
108 97 0.0001
108 97 0.0001
108 97 0.0001
109 97 0.0001
109 97 0.0001
109 97 0.0001
109 97 0.0001
109 97 0.0001
109 97 0.0001
109 97 0.0001
109 97 0.0001
109 97 0.0001
109 97 0.0001
109 97 0.0001
109 97 0.0001
109 97 0.0001
109 97 0.0001
109 97 0.0001
109 97 0.0001
109 97 0.0001
109 97 0.0001
109 97 0.0001
109 97 0.0001
109 97 0.0001
109 97 0.0001
109 97 0.0001
109 97 0.0001
110 97 0.0001
110 97 0.0001
110 97 0.0001
110 97 0.0001
110 97 0.0001
110 97 0.08
110 97 0.0001
110 97 0.0001
110 97 0.0001
110 97 0.0001
110 97 0.08
110 97 0.0001
110 97 0.0001
110 97 0.0001
110 97 0.0001
110 97 0.08
110 97 0.0001
110 97 0.08
110 97 0.08
110 97 0.0001
110 97 0.08
110 97 0.0001
110 97 0.0001
110 97 0.0001
111 97 0.0001
111 97 0.0001
111 97 0.0001
111 97 0.0001
111 97 0.0001
111 97 0.0001
111 97 0.0001
111 97 0.0001
111 97 0.0001
111 97 0.0001
111 97 0.0001
111 97 0.0001
111 97 0.0001
111 97 0.0001
111 97 0.0001
111 97 0.0001
111 97 0.0001
111 97 0.0001
111 97 0.0001
111 97 0.0001
111 97 0.0001
111 97 0.0001
111 97 0.0001
111 97 0.0001
98 99 1e-008
98 100 1e-008
98 101 1e-008
98 102 1e-008
98 103 1e-008
98 104 1e-008
98 105 1e-008
98 106 1e-008
98 107 1e-008
98 108 1e-008
98 109 1e-008
98 110 1e-008
98 111 1e-008
99 100 1e-008
99 101 1e-008
99 102 1e-008
99 103 1e-008
99 104 1e-008
99 105 1e-008
99 106 1e-008
99 107 1e-008
99 108 1e-008
99 109 1e-008
99 110 1e-008
99 111 1e-008
100 101 1e-008
100 102 1e-008
100 103 1e-008
100 104 1e-008
100 105 1e-008
100 106 1e-008
100 107 1e-008
108 100 0.0001
108 100 0.0001
108 100 0.0001
108 100 0.0001
108 100 0.0001
108 100 0.0001
108 100 0.0001
108 100 0.0001
108 100 0.0001
108 100 0.0001
108 100 0.0001
108 100 0.0001
108 100 0.0001
108 100 0.0001
108 100 0.0001
108 100 0.0001
108 100 0.0001
108 100 0.0001
108 100 0.0001
108 100 0.0001
108 100 0.0001
108 100 0.0001
108 100 0.0001
108 100 0.0001
109 100 0.0001
109 100 0.0001
109 100 0.0001
109 100 0.0001
109 100 0.0001
109 100 0.0001
109 100 0.0001
109 100 0.0001
109 100 0.0001
109 100 0.0001
109 100 0.0001
109 100 0.0001
109 100 0.0001
109 100 0.0001
109 100 0.0001
109 100 0.0001
109 100 0.0001
109 100 0.0001
109 100 0.0001
109 100 0.0001
109 100 0.0001
109 100 0.0001
109 100 0.0001
109 100 0.0001
110 100 0.0001
110 100 0.08
110 100 0.08
110 100 0.08
110 100 0.0001
110 100 0.0001
110 100 0.0001
110 100 0.0001
110 100 0.0001
110 100 0.08
110 100 0.0001
110 100 0.0001
110 100 0.0001
110 100 0.0001
110 100 0.0001
110 100 0.0001
110 100 0.08
110 100 0.0001
110 100 0.0001
110 100 0.08
110 100 0.0001
110 100 0.0001
110 100 0.0001
110 100 0.0001
111 100 0.0001
111 100 0.0001
111 100 0.0001
111 100 0.0001
111 100 0.0001
111 100 0.0001
111 100 0.0001
111 100 0.0001
111 100 0.0001
111 100 0.0001
111 100 0.0001
111 100 0.0001
111 100 0.0001
111 100 0.0001
111 100 0.0001
111 100 0.0001
111 100 0.0001
111 100 0.0001
111 100 0.0001
111 100 0.0001
111 100 0.0001
111 100 0.0001
111 100 0.0001
111 100 0.0001
101 102 1e-008
101 103 1e-008
101 104 1e-008
101 105 1e-008
101 106 1e-008
101 107 1e-008
108 101 0.0001
108 101 0.0001
108 101 0.0001
108 101 0.0001
108 101 0.0001
108 101 0.0001
108 101 0.0001
108 101 0.0001
108 101 0.0001
108 101 0.0001
108 101 0.0001
108 101 0.0001
108 101 0.0001
108 101 0.0001
108 101 0.0001
108 101 0.0001
108 101 0.0001
108 101 0.0001
108 101 0.0001
108 101 0.0001
108 101 0.0001
108 101 0.0001
108 101 0.0001
108 101 0.0001
109 101 0.0001
109 101 0.0001
109 101 0.0001
109 101 0.0001
109 101 0.0001
109 101 0.0001
109 101 0.0001
109 101 0.0001
109 101 0.0001
109 101 0.0001
109 101 0.0001
109 101 0.0001
109 101 0.0001
109 101 0.0001
109 101 0.0001
109 101 0.0001
109 101 0.0001
109 101 0.0001
109 101 0.0001
109 101 0.0001
109 101 0.0001
109 101 0.0001
109 101 0.0001
109 101 0.0001
110 101 0.08
110 101 0.08
110 101 0.0001
110 101 0.0001
110 101 0.0001
110 101 0.08
110 101 0.0001
110 101 0.0001
110 101 0.08
110 101 0.0001
110 101 0.0001
110 101 0.0001
110 101 0.0001
110 101 0.08
110 101 0.08
110 101 0.0001
110 101 0.0001
110 101 0.0001
110 101 0.0001
110 101 0.08
110 101 0.08
110 101 0.08
110 101 0.08
110 101 0.0001
111 101 0.0001
111 101 0.0001
111 101 0.0001
111 101 0.0001
111 101 0.0001
111 101 0.0001
111 101 0.0001
111 101 0.0001
111 101 0.0001
111 101 0.0001
111 101 0.0001
111 101 0.0001
111 101 0.0001
111 101 0.0001
111 101 0.0001
111 101 0.0001
111 101 0.0001
111 101 0.0001
111 101 0.0001
111 101 0.0001
111 101 0.0001
111 101 0.0001
111 101 0.0001
111 101 0.0001
102 103 1e-008
102 104 1e-008
102 105 1e-008
102 106 1e-008
102 107 1e-008
102 108 1e-008
102 109 1e-008
102 110 1e-008
102 111 1e-008
103 104 1e-008
103 105 1e-008
103 106 1e-008
103 107 1e-008
103 108 1e-008
103 109 1e-008
103 110 1e-008
103 111 1e-008
104 105 1e-008
104 106 1e-008
104 107 1e-008
108 104 0.0001
108 104 0.0001
108 104 0.0001
108 104 0.0001
108 104 0.0001
108 104 0.0001
108 104 0.0001
108 104 0.0001
108 104 0.0001
108 104 0.0001
108 104 0.0001
108 104 0.0001
108 104 0.0001
108 104 0.0001
108 104 0.0001
108 104 0.0001
108 104 0.0001
108 104 0.0001
108 104 0.0001
108 104 0.0001
108 104 0.0001
108 104 0.0001
108 104 0.0001
108 104 0.0001
109 104 0.0001
109 104 0.0001
109 104 0.0001
109 104 0.0001
109 104 0.0001
109 104 0.0001
109 104 0.0001
109 104 0.0001
109 104 0.0001
109 104 0.0001
109 104 0.0001
109 104 0.0001
109 104 0.0001
109 104 0.0001
109 104 0.0001
109 104 0.0001
109 104 0.0001
109 104 0.0001
109 104 0.0001
109 104 0.0001
109 104 0.0001
109 104 0.0001
109 104 0.0001
109 104 0.0001
110 104 0.0001
110 104 0.0001
110 104 0.0001
110 104 0.0001
110 104 0.08
110 104 0.0001
110 104 0.0001
110 104 0.0001
110 104 0.08
110 104 0.08
110 104 0.0001
110 104 0.08
110 104 0.08
110 104 0.0001
110 104 0.08
110 104 0.0001
110 104 0.0001
110 104 0.08
110 104 0.0001
110 104 0.0001
110 104 0.08
110 104 0.0001
110 104 0.0001
110 104 0.0001
111 104 0.0001
111 104 0.0001
111 104 0.0001
111 104 0.0001
111 104 0.0001
111 104 0.0001
111 104 0.0001
111 104 0.0001
111 104 0.0001
111 104 0.0001
111 104 0.0001
111 104 0.0001
111 104 0.0001
111 104 0.0001
111 104 0.0001
111 104 0.0001
111 104 0.0001
111 104 0.0001
111 104 0.0001
111 104 0.0001
111 104 0.0001
111 104 0.0001
111 104 0.0001
111 104 0.0001
105 106 1e-008
105 107 1e-008
108 105 0.0001
108 105 0.0001
108 105 0.0001
108 105 0.0001
108 105 0.0001
108 105 0.0001
108 105 0.0001
108 105 0.0001
108 105 0.0001
108 105 0.0001
108 105 0.0001
108 105 0.0001
108 105 0.0001
108 105 0.0001
108 105 0.0001
108 105 0.0001
108 105 0.0001
108 105 0.0001
108 105 0.0001
108 105 0.0001
108 105 0.0001
108 105 0.0001
108 105 0.0001
108 105 0.0001
109 105 0.0001
109 105 0.0001
109 105 0.0001
109 105 0.0001
109 105 0.0001
109 105 0.0001
109 105 0.0001
109 105 0.0001
109 105 0.0001
109 105 0.0001
109 105 0.0001
109 105 0.0001
109 105 0.0001
109 105 0.0001
109 105 0.0001
109 105 0.0001
109 105 0.0001
109 105 0.0001
109 105 0.0001
109 105 0.0001
109 105 0.0001
109 105 0.0001
109 105 0.0001
109 105 0.0001
110 105 0.0001
110 105 0.0001
110 105 0.0001
110 105 0.08
110 105 0.0001
110 105 0.0001
110 105 0.08
110 105 0.0001
110 105 0.0001
110 105 0.08
110 105 0.0001
110 105 0.0001
110 105 0.0001
110 105 0.0001
110 105 0.0001
110 105 0.0001
110 105 0.0001
110 105 0.0001
110 105 0.0001
110 105 0.0001
110 105 0.0001
110 105 0.08
110 105 0.0001
110 105 0.0001
111 105 0.0001
111 105 0.0001
111 105 0.0001
111 105 0.0001
111 105 0.0001
111 105 0.0001
111 105 0.0001
111 105 0.0001
111 105 0.0001
111 105 0.0001
111 105 0.0001
111 105 0.0001
111 105 0.0001
111 105 0.0001
111 105 0.0001
111 105 0.0001
111 105 0.0001
111 105 0.0001
111 105 0.0001
111 105 0.0001
111 105 0.0001
111 105 0.0001
111 105 0.0001
111 105 0.0001
106 107 1e-008
106 108 1e-008
106 109 1e-008
106 110 1e-008
106 111 1e-008
107 108 1e-008
107 109 1e-008
107 110 1e-008
107 111 1e-008
108 109 1e-008
108 110 1e-008
108 111 1e-008
109 110 1e-008
109 111 1e-008
110 111 1e-008
