0 8 2 10 1 3 10 1 4 10 1 5 10 1 36 5 1 37 5 1 38 5 1 39 5 1 
1 8 2 10 1 3 10 1 4 10 1 5 10 1 36 5 1 37 5 1 38 5 1 39 5 1 
2 8 0 10 1 1 10 1 6 10 1 7 10 1 40 5 1 41 5 1 42 5 1 43 5 1 
3 8 0 10 1 1 10 1 6 10 1 7 10 1 40 5 1 41 5 1 42 5 1 43 5 1 
4 8 0 10 1 1 10 1 6 10 1 7 10 1 44 5 1 45 5 1 46 5 1 47 5 1 
5 8 0 10 1 1 10 1 6 10 1 7 10 1 44 5 1 45 5 1 46 5 1 47 5 1 
6 15 2 10 1 3 10 1 4 10 1 5 10 1 8 10 1 9 10 1 10 10 1 11 10 1 14 10 1 15 10 1 48 5 1 49 5 1 50 5 1 51 5 1 111 100 1
7 15 2 10 1 3 10 1 4 10 1 5 10 1 8 10 1 9 10 1 10 10 1 11 10 1 14 10 1 15 10 1 48 5 1 49 5 1 50 5 1 51 5 1 111 100 1
8 10 6 10 1 7 10 1 12 10 1 13 10 1 18 10 1 19 10 1 52 5 1 53 5 1 54 5 1 55 5 1 
9 10 6 10 1 7 10 1 12 10 1 13 10 1 18 10 1 19 10 1 52 5 1 53 5 1 54 5 1 55 5 1 
10 8 6 10 1 7 10 1 12 10 1 13 10 1 56 5 1 57 5 1 58 5 1 59 5 1 
11 8 6 10 1 7 10 1 12 10 1 13 10 1 56 5 1 57 5 1 58 5 1 59 5 1 
12 14 8 10 1 9 10 1 10 10 1 11 10 1 16 10 1 17 10 1 18 10 1 19 10 1 24 10 1 25 10 1 60 5 1 61 5 1 62 5 1 63 5 1 
13 14 8 10 1 9 10 1 10 10 1 11 10 1 16 10 1 17 10 1 18 10 1 19 10 1 24 10 1 25 10 1 60 5 1 61 5 1 62 5 1 63 5 1 
14 19 6 10 1 7 10 1 16 10 1 17 10 1 18 10 1 19 10 1 20 10 1 21 10 1 22 10 1 23 10 1 32 10 1 33 10 1 34 10 1 35 10 1 64 5 1 65 5 1 66 5 1 67 5 1 110 100 1
15 19 6 10 1 7 10 1 16 10 1 17 10 1 18 10 1 19 10 1 20 10 1 21 10 1 22 10 1 23 10 1 32 10 1 33 10 1 34 10 1 35 10 1 64 5 1 65 5 1 66 5 1 67 5 1 110 100 1
16 14 12 10 1 13 10 1 14 10 1 15 10 1 18 10 1 19 10 1 22 10 1 23 10 1 24 10 1 25 10 1 68 5 1 69 5 1 70 5 1 71 5 1 
17 14 12 10 1 13 10 1 14 10 1 15 10 1 18 10 1 19 10 1 22 10 1 23 10 1 24 10 1 25 10 1 68 5 1 69 5 1 70 5 1 71 5 1 
18 19 8 10 1 9 10 1 12 10 1 13 10 1 14 10 1 15 10 1 16 10 1 17 10 1 24 10 1 25 10 1 26 10 1 27 10 1 28 10 1 29 10 1 72 5 1 73 5 1 74 5 1 75 5 1 108 100 1
19 19 8 10 1 9 10 1 12 10 1 13 10 1 14 10 1 15 10 1 16 10 1 17 10 1 24 10 1 25 10 1 26 10 1 27 10 1 28 10 1 29 10 1 72 5 1 73 5 1 74 5 1 75 5 1 108 100 1
20 10 14 10 1 15 10 1 22 10 1 23 10 1 34 10 1 35 10 1 76 5 1 77 5 1 78 5 1 79 5 1 
21 10 14 10 1 15 10 1 22 10 1 23 10 1 34 10 1 35 10 1 76 5 1 77 5 1 78 5 1 79 5 1 
22 15 14 10 1 15 10 1 16 10 1 17 10 1 20 10 1 21 10 1 24 10 1 25 10 1 26 10 1 27 10 1 80 5 1 81 5 1 82 5 1 83 5 1 109 100 1
23 15 14 10 1 15 10 1 16 10 1 17 10 1 20 10 1 21 10 1 24 10 1 25 10 1 26 10 1 27 10 1 80 5 1 81 5 1 82 5 1 83 5 1 109 100 1
24 12 12 10 1 13 10 1 16 10 1 17 10 1 18 10 1 19 10 1 22 10 1 23 10 1 84 5 1 85 5 1 86 5 1 87 5 1 
25 12 12 10 1 13 10 1 16 10 1 17 10 1 18 10 1 19 10 1 22 10 1 23 10 1 84 5 1 85 5 1 86 5 1 87 5 1 
26 8 18 10 1 19 10 1 22 10 1 23 10 1 88 5 1 89 5 1 90 5 1 91 5 1 
27 8 18 10 1 19 10 1 22 10 1 23 10 1 88 5 1 89 5 1 90 5 1 91 5 1 
28 6 18 10 1 19 10 1 92 5 1 93 5 1 94 5 1 95 5 1 
29 6 18 10 1 19 10 1 92 5 1 93 5 1 94 5 1 95 5 1 
30 8 32 10 1 33 10 1 34 10 1 35 10 1 96 5 1 97 5 1 98 5 1 99 5 1 
31 8 32 10 1 33 10 1 34 10 1 35 10 1 96 5 1 97 5 1 98 5 1 99 5 1 
32 10 14 10 1 15 10 1 30 10 1 31 10 1 34 10 1 35 10 1 100 5 1 101 5 1 102 5 1 103 5 1 
33 10 14 10 1 15 10 1 30 10 1 31 10 1 34 10 1 35 10 1 100 5 1 101 5 1 102 5 1 103 5 1 
34 12 14 10 1 15 10 1 20 10 1 21 10 1 30 10 1 31 10 1 32 10 1 33 10 1 104 5 1 105 5 1 106 5 1 107 5 1 
35 12 14 10 1 15 10 1 20 10 1 21 10 1 30 10 1 31 10 1 32 10 1 33 10 1 104 5 1 105 5 1 106 5 1 107 5 1 
36 2 0 5 1 1 5 1 
37 2 0 5 1 1 5 1 
38 2 0 5 1 1 5 1 
39 2 0 5 1 1 5 1 
40 2 2 5 1 3 5 1 
41 2 2 5 1 3 5 1 
42 2 2 5 1 3 5 1 
43 2 2 5 1 3 5 1 
44 2 4 5 1 5 5 1 
45 2 4 5 1 5 5 1 
46 2 4 5 1 5 5 1 
47 2 4 5 1 5 5 1 
48 2 6 5 1 7 5 1 
49 2 6 5 1 7 5 1 
50 2 6 5 1 7 5 1 
51 2 6 5 1 7 5 1 
52 2 8 5 1 9 5 1 
53 2 8 5 1 9 5 1 
54 2 8 5 1 9 5 1 
55 2 8 5 1 9 5 1 
56 2 10 5 1 11 5 1 
57 2 10 5 1 11 5 1 
58 2 10 5 1 11 5 1 
59 2 10 5 1 11 5 1 
60 2 12 5 1 13 5 1 
61 2 12 5 1 13 5 1 
62 2 12 5 1 13 5 1 
63 2 12 5 1 13 5 1 
64 2 14 5 1 15 5 1 
65 2 14 5 1 15 5 1 
66 2 14 5 1 15 5 1 
67 2 14 5 1 15 5 1 
68 2 16 5 1 17 5 1 
69 2 16 5 1 17 5 1 
70 2 16 5 1 17 5 1 
71 2 16 5 1 17 5 1 
72 2 18 5 1 19 5 1 
73 2 18 5 1 19 5 1 
74 2 18 5 1 19 5 1 
75 2 18 5 1 19 5 1 
76 2 20 5 1 21 5 1 
77 2 20 5 1 21 5 1 
78 2 20 5 1 21 5 1 
79 2 20 5 1 21 5 1 
80 2 22 5 1 23 5 1 
81 2 22 5 1 23 5 1 
82 2 22 5 1 23 5 1 
83 2 22 5 1 23 5 1 
84 2 24 5 1 25 5 1 
85 2 24 5 1 25 5 1 
86 2 24 5 1 25 5 1 
87 2 24 5 1 25 5 1 
88 2 26 5 1 27 5 1 
89 2 26 5 1 27 5 1 
90 2 26 5 1 27 5 1 
91 2 26 5 1 27 5 1 
92 2 28 5 1 29 5 1 
93 2 28 5 1 29 5 1 
94 2 28 5 1 29 5 1 
95 2 28 5 1 29 5 1 
96 2 30 5 1 31 5 1 
97 2 30 5 1 31 5 1 
98 2 30 5 1 31 5 1 
99 2 30 5 1 31 5 1 
100 2 32 5 1 33 5 1 
101 2 32 5 1 33 5 1 
102 2 32 5 1 33 5 1 
103 2 32 5 1 33 5 1 
104 2 34 5 1 35 5 1 
105 2 34 5 1 35 5 1 
106 2 34 5 1 35 5 1 
107 2 34 5 1 35 5 1 
108 2 18 100 1 19 100 1
109 2 22 100 1 23 100 1
110 2 14 100 1 15 100 1
111 2 6 100 1 7 100 1